0.001000
0.001000
0.001000
0.001000
0.001000
0.001000
0.001000
0.001000
0.001000
0.001000
0.001000
0.001000
0.001000
0.001000
0.001000
0.001000
0.001000
0.001000
0.001000
0.001000
0.001000
0.001000
0.001000
0.001000
0.001000
0.001000
0.001000
0.001000
0.001000
0.001000
0.001000
0.001000
0.001000
0.001000
0.001000
0.001000
0.001000
0.001000
0.001000
0.001000
0.001000
0.001000
0.001000
0.001000
0.001000
0.001000
0.001000
0.001000
0.001000
0.001000
0.001000
0.001000
0.001000
0.001000
0.001000
0.001000
0.001000
0.001000
0.001000
0.001000
0.001000
0.001000
0.001000
0.001000
0.001000
0.001000
0.001000
0.001000
0.001000
0.001000
0.001000
0.001000
0.001000
0.001000
0.001000
0.001000
0.001000
0.001000
0.001000
0.001000
0.001000
0.001000
0.001000
0.001000
0.001000
0.001000
0.001000
0.001000
0.001000
0.001000
0.001000
0.001000
0.001000
0.001000
0.001000
0.001000
0.001000
0.001000
0.001000
0.001000
0.001000
0.001000
0.001000
0.001000
0.001000
0.001000
0.001000
0.001000
0.001000
0.001000
0.001000
0.001000
0.001000
0.001000
0.001000
0.001000
0.001000
0.001000
0.001000
0.001000
0.001000
0.001000
0.001000
0.001000
0.001000
0.001000
0.001000
0.001000
0.001000
0.001000
0.001000
0.001000
0.001000
0.001000
0.032597
0.001000
0.001000
0.001000
0.001000
0.031170
0.001000
0.001000
0.001000
0.001000
0.001000
0.001000
0.001000
0.001000
0.001000
0.001000
0.001000
0.001000
0.001000
0.001000
0.001000
0.001000
0.001000
0.029212
0.001000
0.001000
0.001000
0.001000
0.001000
0.001000
0.001000
0.001000
0.001000
0.001000
0.001000
0.001000
0.001000
0.001000
0.001000
0.029188
0.001000
0.001000
0.001000
0.001000
0.001000
0.001000
0.001000
0.001000
0.001000
0.001000
0.001000
0.001000
0.001000
0.001000
0.001000
0.001000
0.001000
0.001000
0.001000
