0.664086
0.669516
0.663962
0.336968
0.337434
0.338859
0.339314
0.001000
0.665336
0.001000
0.001000
0.001000
0.663182
0.337659
0.335981
0.339341
0.663200
0.338554
0.336839
0.001000
0.001000
0.666425
0.337888
0.663985
0.001000
0.335779
0.666660
0.663041
0.001000
0.338800
0.667627
0.669252
0.336937
0.338742
0.666335
0.667962
0.669406
0.665819
0.665626
0.664721
0.335795
0.336406
0.001000
0.001000
0.001000
0.665981
0.667036
0.335517
0.335646
0.337577
0.669055
0.001000
0.336334
0.001000
0.667719
0.335060
0.336830
0.001000
0.667154
0.335847
0.001000
0.001000
