0.001000
3.226256
3.226262
0.001000
3.222822
3.226492
3.226841
3.224396
3.224089
3.226282
3.229727
3.226424
3.227120
3.225524
3.222804
3.228159
3.225351
3.226952
0.001000
0.001000
3.227564
3.223834
0.001000
3.224330
3.226971
3.228142
3.227396
3.223719
3.225144
3.223420
3.224480
3.224437
3.225145
3.227122
3.224650
3.222770
3.225401
3.223719
3.227727
3.227082
0.001000
3.226377
0.001000
0.001000
0.001000
3.225201
3.224480
3.224736
3.225220
3.227060
0.001000
3.226422
3.225584
3.229101
3.224378
3.223907
0.001000
3.224431
0.001000
3.225713
0.001000
3.226976
3.226364
0.001000
3.224160
0.001000
3.228440
3.225595
3.223795
3.227580
3.224893
3.224502
3.225785
3.225669
0.001000
3.222783
3.225748
3.225149
3.226644
3.223925
3.224163
3.225990
3.222782
3.222852
0.001000
3.226175
3.224639
3.226804
3.223197
3.224023
3.226522
3.224840
3.225859
3.225275
3.227969
3.221937
0.001000
3.226177
3.227858
3.224091
0.001000
0.001000
3.227124
0.001000
3.226751
3.229581
3.224614
3.226869
0.001000
0.001000
3.226978
3.225364
3.228940
3.226916
3.224970
3.224972
3.226499
3.227676
3.224463
3.228843
3.226369
3.222810
3.224430
0.001000
0.001000
3.227999
3.227896
3.224675
3.224901
3.226380
0.001000
3.226807
0.001000
3.223682
3.223634
3.226820
3.228472
0.001000
3.229205
3.226188
3.226874
3.225827
3.228500
3.224263
0.001000
3.226936
0.001000
3.224437
3.224308
3.227679
3.222900
0.001000
3.227145
0.001000
3.226682
3.228795
3.221634
0.001000
0.001000
0.001000
0.001000
0.001000
0.001000
3.227108
3.223990
3.222353
3.223302
3.223740
0.001000
3.225301
3.226279
3.226323
0.001000
0.001000
3.223760
0.001000
3.229296
3.225323
0.001000
3.228024
0.001000
0.001000
3.225069
3.225212
0.001000
0.001000
3.225081
3.225262
3.223379
3.224380
3.225691
0.001000
3.228187
0.001000
0.001000
0.001000
0.001000
3.224644
0.001000
3.225323
0.001000
0.001000
0.001000
3.227483
0.001000
0.001000
0.001000
0.001000
0.001000
0.001000
0.001000
0.001000
0.001000
0.001000
0.001000
3.224597
3.227522
3.224610
0.001000
3.228539
3.224586
3.222883
0.001000
0.001000
3.222040
0.001000
3.229411
0.001000
0.001000
3.223782
3.226719
0.001000
3.222399
3.227419
0.001000
0.001000
3.228230
