0.018924
0.026589
0.030042
0.019961
0.028624
0.018319
0.017935
0.017298
0.017578
0.018384
0.019304
0.001000
0.025580
0.001000
0.026150
0.027271
0.001000
0.030713
0.027506
0.001000
0.001000
0.029187
0.001000
0.020085
0.018025
0.017474
0.018642
0.019174
0.018855
0.017148
0.016734
0.027385
0.027173
0.025806
0.017059
0.016233
0.018954
0.017747
0.028670
0.030582
0.020703
0.020571
0.027622
0.001000
0.001000
0.019883
0.025171
0.029556
0.026342
0.031020
0.031955
0.001000
0.031724
0.019371
0.028951
0.016406
0.001000
0.029323
0.016245
0.029333
0.016913
0.001000
0.020149
0.001000
0.017659
0.001000
0.001000
0.027725
0.017131
0.001000
0.017296
0.001000
0.030602
0.001000
0.001000
0.001000
0.001000
0.001000
0.030916
0.001000
0.017577
0.001000
0.001000
0.001000
0.017769
0.027619
0.026260
0.020877
0.020800
0.018797
0.001000
0.029362
0.001000
0.001000
0.001000
0.033058
0.031479
0.027384
0.001000
0.019728
0.027593
0.019484
0.018228
0.018189
0.028523
0.028891
0.027293
0.026760
0.026067
0.001000
0.001000
0.028233
0.026080
0.032025
0.017297
0.018376
0.027963
0.027926
0.026632
0.001000
0.029690
0.030712
0.001000
0.001000
0.001000
0.001000
0.027596
0.019658
0.017830
0.016463
0.031318
0.027972
0.026714
0.001000
0.001000
0.019506
0.018650
0.021350
0.001000
0.001000
0.019052
0.001000
0.001000
0.001000
0.001000
0.001000
0.028585
0.001000
0.001000
0.027830
0.032220
0.018024
0.018955
0.031050
0.001000
0.026083
0.029411
0.029040
0.024920
0.018974
0.032744
0.026118
0.001000
0.001000
0.001000
0.001000
0.030324
0.028448
0.001000
0.001000
0.019376
0.001000
0.001000
0.001000
0.018428
0.001000
0.001000
0.001000
0.001000
0.026680
0.001000
0.001000
0.001000
0.001000
0.001000
0.001000
0.001000
0.001000
0.026495
0.017452
0.027066
0.001000
0.001000
0.029438
0.001000
0.001000
0.031268
0.001000
0.001000
0.032146
0.025756
0.001000
0.030814
0.026317
0.020009
0.026046
0.019311
0.001000
0.001000
0.026236
0.030839
0.001000
0.032422
0.001000
0.018549
0.028460
0.018792
0.001000
0.001000
0.001000
0.001000
0.001000
0.019715
