0.179570
0.176753
0.174592
0.174770
0.178792
0.346606
0.346864
0.342317
0.342341
0.341780
0.346719
0.179614
0.001000
0.001000
0.343550
0.178706
0.178190
0.349563
0.175204
0.177833
0.342905
0.179132
0.174250
0.344646
0.346653
0.346146
0.177340
0.001000
0.001000
0.179861
0.001000
0.001000
0.344895
0.001000
0.348429
0.345125
0.175258
0.001000
0.175927
0.001000
0.001000
0.346626
0.177079
0.346180
0.176902
0.174384
0.345619
0.001000
0.176500
0.001000
0.001000
0.001000
0.175809
0.001000
0.342759
0.176872
0.175932
0.001000
0.344904
0.178009
0.346450
0.345884
0.001000
0.176571
0.001000
0.347968
0.346176
0.001000
0.344255
0.348832
0.343528
0.001000
0.001000
0.001000
0.001000
0.344139
0.177241
0.342049
0.177581
0.178745
0.342935
0.178167
0.347739
0.347248
0.178079
0.346005
0.344937
0.001000
0.001000
0.347366
0.346329
0.342448
0.001000
0.177480
0.001000
0.345862
0.175779
0.348736
0.001000
0.343791
0.001000
0.001000
