0.001000
0.001000
0.001000
0.001000
0.667149
0.001000
0.001000
0.001000
0.001000
0.001000
0.001000
0.001000
0.001000
0.666623
0.001000
0.667810
0.001000
0.001000
0.665199
0.001000
0.001000
0.001000
0.001000
0.001000
0.001000
0.001000
0.001000
0.001000
0.001000
0.001000
0.001000
0.001000
0.001000
0.001000
0.001000
0.001000
0.001000
0.001000
0.001000
0.001000
0.001000
0.001000
0.001000
0.001000
0.001000
0.001000
0.001000
0.001000
0.001000
0.001000
0.001000
0.001000
0.001000
0.338167
