0.016736
0.017449
0.016872
0.001000
0.030650
0.021312
0.027938
0.001000
0.001000
0.001000
0.001000
0.001000
0.001000
0.001000
0.001000
0.001000
0.001000
0.030939
0.001000
0.001000
0.030235
0.001000
0.019675
0.001000
0.001000
0.016539
0.019254
0.018617
0.018226
0.019864
0.019454
0.019796
0.019154
0.028885
0.021064
0.028546
0.027681
0.019442
0.029519
0.029281
0.024657
0.030527
0.031179
0.026861
0.016710
0.028805
0.031599
0.019699
0.031119
0.020292
0.016726
0.028549
0.026199
0.028281
0.025896
0.025363
0.024890
0.027204
0.018457
0.019294
0.032062
0.031146
0.028093
0.026820
0.030555
0.030217
0.017795
0.028860
0.018936
0.017154
0.031379
0.026650
0.031303
0.028221
0.021133
0.018327
0.027523
0.026461
0.030677
0.019537
0.024924
0.029745
0.028177
0.028705
0.026821
0.026601
0.016833
0.018426
0.020836
0.019659
0.019904
0.020769
0.019432
0.019300
0.019171
0.025167
0.001000
0.018409
0.001000
0.001000
0.001000
0.001000
0.001000
0.001000
0.001000
0.025855
0.017445
0.019790
0.029535
0.030385
0.030345
0.020946
0.018396
0.020103
0.027976
0.019353
0.029916
0.001000
0.001000
0.018182
0.001000
0.001000
0.001000
0.001000
0.017788
0.029494
0.017882
0.020110
0.019062
0.019233
0.018107
0.029626
0.018041
0.001000
0.001000
0.031017
0.031829
0.032527
0.031902
0.017946
0.019029
0.027095
0.015758
0.027089
0.026936
0.031000
0.028852
0.027373
0.001000
0.028468
0.021066
0.001000
0.026911
0.001000
0.001000
0.029623
0.018616
0.019493
0.017634
0.001000
0.018523
0.001000
0.031408
0.001000
0.016755
0.001000
0.030714
0.028563
0.016561
0.018913
0.001000
0.001000
0.001000
0.020367
0.019200
0.024977
0.001000
0.019747
0.025329
0.032087
0.019479
0.030842
0.016181
0.018772
0.018603
0.030467
0.019291
0.019688
0.020065
0.019483
0.017702
0.019387
0.030900
0.026443
0.025935
0.001000
0.001000
0.001000
0.001000
0.001000
0.001000
0.001000
0.020224
0.001000
0.001000
0.018061
0.001000
0.030979
0.001000
0.031910
0.001000
0.001000
0.001000
0.001000
0.001000
0.001000
0.001000
0.018356
0.017866
0.018170
0.018887
0.017196
0.001000
0.019265
0.001000
0.019056
0.001000
0.030684
0.001000
0.001000
0.001000
0.001000
0.001000
0.001000
0.001000
0.001000
0.001000
0.001000
0.001000
0.001000
0.001000
0.001000
0.001000
0.001000
0.001000
0.001000
0.001000
0.001000
0.025880
0.001000
0.027386
0.024734
0.001000
0.001000
0.001000
0.001000
0.001000
0.019205
0.001000
0.001000
0.030840
0.016459
0.019298
0.018904
0.018059
0.001000
0.017542
0.028201
0.029844
0.018648
0.001000
0.017487
0.017018
0.031033
0.020859
0.018659
0.001000
0.026865
0.018859
0.020631
0.016438
0.019444
0.018036
0.016083
0.001000
0.019292
0.018504
0.016582
0.025075
0.025217
0.017658
0.019517
0.017296
0.017791
0.031207
0.029873
0.026867
0.027314
0.031042
0.025987
0.016798
0.017463
0.019880
0.019172
0.020158
0.018557
0.031630
0.019973
0.020195
0.001000
0.026801
0.017347
0.029147
0.001000
0.001000
0.027304
0.001000
0.016551
0.029815
0.032120
0.026674
0.024893
0.018291
0.026859
0.001000
0.001000
0.001000
0.031264
0.001000
0.032246
0.001000
0.019328
0.031073
0.026658
0.017877
0.018587
0.018207
0.001000
0.032250
0.027155
0.001000
0.001000
0.001000
0.001000
0.017111
0.001000
0.016058
0.001000
0.001000
0.001000
0.001000
0.001000
0.001000
0.001000
0.027790
0.001000
0.001000
0.027683
0.017402
0.018631
0.001000
0.017719
0.026012
0.029994
0.018724
0.001000
0.001000
0.001000
0.030744
0.017731
0.019182
0.019579
0.018767
0.018560
0.031336
0.001000
0.019264
0.001000
0.018273
0.001000
0.027514
0.001000
0.019847
0.001000
0.001000
0.001000
0.031320
0.001000
0.026189
0.030309
0.020073
0.018489
0.018791
0.018578
0.017537
0.001000
0.001000
0.001000
0.001000
0.001000
0.026809
0.018949
0.018381
0.019115
0.020018
0.018073
0.020067
0.018163
0.029351
0.001000
0.001000
0.001000
0.001000
0.031076
0.001000
0.017412
0.001000
0.016802
0.027446
0.026991
0.026129
0.029839
0.001000
0.018921
0.017560
0.001000
0.026132
0.001000
0.001000
0.019411
0.020392
0.018537
0.019209
0.029565
0.001000
0.029075
0.016014
0.016495
0.016677
0.030622
0.025824
0.001000
0.001000
0.028275
0.031604
0.001000
0.001000
0.001000
0.001000
0.028875
0.017314
0.001000
0.017760
0.001000
0.019661
0.017338
0.032020
0.019944
0.017959
0.001000
0.001000
0.001000
0.027777
0.018180
0.001000
0.019492
0.001000
0.001000
0.001000
0.001000
0.001000
0.029840
0.001000
0.001000
0.001000
0.001000
0.001000
0.001000
0.001000
0.001000
0.032052
0.030942
0.001000
0.029135
0.001000
0.030209
0.001000
0.001000
0.031780
0.001000
0.017901
0.030196
0.018304
0.001000
0.018878
0.001000
0.001000
0.031407
0.001000
0.001000
0.001000
0.026513
0.028310
0.027969
0.001000
0.001000
0.001000
0.017992
0.001000
0.001000
0.025045
0.019943
0.001000
0.001000
0.001000
0.001000
