0.667210
0.001000
0.336324
0.669315
0.337537
0.001000
0.664173
0.663138
0.666658
0.336740
0.664156
0.663581
0.337310
0.336874
0.663981
0.338638
0.666341
0.001000
0.665698
0.337533
0.335570
0.665797
0.668915
0.666355
0.001000
0.001000
0.664468
0.667243
0.666972
0.662721
0.337368
0.337230
0.666915
0.001000
0.663883
0.001000
0.663232
0.336754
0.668846
0.001000
0.667594
0.667217
0.338649
0.001000
0.336951
0.001000
0.001000
0.001000
0.338831
0.336970
0.663833
0.338051
0.664342
0.001000
0.336072
0.001000
0.337431
0.335256
0.001000
0.337599
0.666123
0.335044
0.662330
0.335308
0.001000
0.001000
0.001000
0.001000
0.001000
0.001000
0.001000
0.001000
0.338237
0.337585
0.001000
0.664283
0.666386
0.665579
0.001000
0.001000
0.665934
0.335616
0.001000
0.335029
0.666221
0.001000
0.001000
0.001000
0.001000
0.663280
0.001000
0.338010
0.662047
0.001000
0.337006
0.337046
0.338815
0.336138
0.667599
0.669349
0.337897
0.665912
0.001000
0.001000
0.666728
0.664484
0.661845
0.664960
0.667524
0.001000
0.664094
0.001000
0.338518
0.001000
0.001000
0.337928
0.001000
0.336506
0.665655
0.337937
0.001000
0.666812
0.336058
0.335563
0.338369
0.335736
0.001000
0.666761
0.337437
0.662729
0.001000
0.338007
0.001000
0.666199
0.669240
0.663734
0.001000
0.665477
0.001000
0.001000
0.665262
0.001000
0.001000
0.001000
0.664618
0.664078
0.662729
0.666369
0.662943
0.337257
0.665610
0.664968
