0.001000
3.227140
3.225607
3.221403
3.222599
0.001000
0.001000
3.223208
3.227672
3.225087
3.228693
3.223844
3.228063
3.225850
3.227341
3.225953
3.224871
3.224591
3.223977
0.001000
3.225130
3.223307
3.227730
3.224367
3.224619
3.223391
3.224249
3.227074
3.227940
3.223299
3.223333
3.225733
3.225006
3.224269
3.224433
3.222105
3.227432
3.226365
3.226720
3.224004
3.229662
3.222854
3.226705
3.222974
0.001000
0.001000
0.001000
0.001000
0.001000
0.001000
0.001000
3.227297
0.001000
3.222847
0.001000
3.228423
3.224299
3.226716
0.001000
3.224190
3.228660
3.223421
3.226595
3.222723
3.228482
3.225202
3.223707
3.227093
3.227241
3.225806
3.228350
3.225951
0.001000
3.225541
0.001000
3.221543
0.001000
3.224640
3.224981
3.223193
3.224887
3.223610
3.226494
0.001000
0.001000
3.227512
3.223437
0.001000
3.227174
3.223276
3.223379
3.223685
3.226726
0.001000
0.001000
3.225823
3.227093
3.222566
3.229131
3.224895
3.223750
3.228022
3.226262
3.223630
0.001000
3.225483
3.224972
3.225843
3.223263
3.222983
3.225341
3.228024
3.225492
3.226517
3.222927
0.001000
0.001000
0.001000
0.001000
3.224362
3.229165
0.001000
3.228376
3.227491
0.001000
0.001000
0.001000
3.225029
3.227289
3.222583
3.226202
3.227959
3.229258
3.224005
3.222532
3.222008
3.222109
3.224837
3.221854
3.224258
3.223165
3.226358
3.227550
3.222479
3.227928
3.224907
3.227469
0.001000
3.226701
0.001000
0.001000
3.225163
3.228106
0.001000
3.227659
3.223841
3.228371
0.001000
3.225545
3.228454
3.226702
3.223774
0.001000
0.001000
0.001000
3.224693
3.226780
0.001000
3.225202
3.223972
0.001000
0.001000
0.001000
0.001000
0.001000
3.222129
3.225440
0.001000
3.222722
0.001000
0.001000
0.001000
3.224664
3.224227
3.223783
3.223358
0.001000
3.225726
0.001000
0.001000
3.227156
3.224652
3.228591
3.226095
3.221718
3.224648
0.001000
0.001000
3.224226
0.001000
0.001000
0.001000
3.222004
0.001000
3.223409
3.225728
3.228459
3.228403
3.223797
3.228101
3.229339
3.224604
0.001000
3.225995
3.228304
0.001000
0.001000
3.224090
3.226245
0.001000
3.221691
3.223969
3.227928
0.001000
3.228368
3.222178
0.001000
3.227791
3.228509
0.001000
3.223188
3.227329
3.226400
0.001000
3.225207
0.001000
3.227214
0.001000
0.001000
3.222356
0.001000
0.001000
3.229183
0.001000
0.001000
3.227815
3.224016
3.226880
3.228847
0.001000
0.001000
0.001000
0.001000
0.001000
3.223761
3.223704
0.001000
3.221684
3.226863
3.225623
3.225069
3.223452
3.224579
0.001000
3.225832
3.223990
3.226287
0.001000
3.223943
3.229031
3.222786
0.001000
3.225837
0.001000
0.001000
0.001000
0.001000
3.226417
3.224899
3.227156
0.001000
0.001000
0.001000
3.227660
0.001000
3.223804
0.001000
0.001000
3.222382
3.225376
3.225764
3.228733
3.227271
3.227084
0.001000
0.001000
3.221920
3.226950
3.225445
3.228887
3.223105
3.227128
3.227253
3.224867
3.227368
3.226234
3.224073
0.001000
3.223314
3.229227
0.001000
0.001000
0.001000
0.001000
3.224988
0.001000
0.001000
0.001000
0.001000
0.001000
0.001000
3.223860
0.001000
0.001000
3.224131
3.224861
0.001000
3.226291
3.221039
0.001000
0.001000
3.228787
3.224192
0.001000
0.001000
0.001000
0.001000
0.001000
0.001000
3.224290
3.225753
3.226381
3.226453
3.227520
0.001000
3.224302
3.226265
3.224897
3.225353
3.223593
0.001000
0.001000
0.001000
0.001000
3.225101
0.001000
3.226775
3.225906
3.227675
0.001000
3.222157
3.227106
3.224358
3.223729
0.001000
0.001000
3.228246
0.001000
3.227701
3.224953
3.228929
3.225813
3.223946
0.001000
0.001000
3.224974
0.001000
3.228263
0.001000
0.001000
0.001000
3.227912
0.001000
3.228431
3.223419
0.001000
0.001000
3.222338
0.001000
3.225612
0.001000
3.227323
0.001000
0.001000
3.226924
0.001000
3.228460
3.226396
3.225451
0.001000
3.222328
0.001000
0.001000
0.001000
0.001000
3.226709
0.001000
0.001000
3.221626
3.223791
3.223802
0.001000
3.228148
0.001000
3.227061
3.226242
0.001000
0.001000
3.221649
3.225395
3.224409
3.226753
0.001000
0.001000
0.001000
0.001000
0.001000
3.227874
3.222947
3.228107
0.001000
0.001000
0.001000
3.224038
0.001000
3.223305
3.227133
3.225053
3.224846
3.228071
3.222247
0.001000
0.001000
3.225185
0.001000
0.001000
0.001000
0.001000
3.223292
3.225421
3.225193
3.223695
0.001000
0.001000
3.224386
3.227245
3.226325
3.223536
3.224939
3.226513
3.224766
0.001000
3.225783
0.001000
3.226626
