0.347413
0.177142
0.341761
0.346470
0.001000
0.176685
0.001000
0.174408
0.001000
0.001000
0.176076
0.176281
0.001000
0.346859
0.343348
0.177983
0.176443
0.176354
0.179060
0.176501
0.342223
0.177334
0.344891
0.345962
0.343533
0.347106
0.178430
0.177000
0.344930
0.176262
0.177348
0.344603
0.001000
0.342854
0.347576
0.347486
0.347156
0.175903
0.346259
0.001000
0.001000
0.341913
0.341451
0.001000
0.177305
0.001000
0.343264
0.348415
0.001000
0.346864
0.001000
0.177308
0.177183
0.349085
0.345995
0.001000
0.001000
0.342403
0.001000
0.343708
0.346534
0.001000
0.178213
0.347259
0.176964
0.177003
0.177059
0.001000
0.345821
0.001000
0.001000
0.001000
0.346975
0.344078
0.345161
0.001000
0.174123
0.348570
0.179055
0.343271
0.343570
0.001000
0.346132
0.001000
0.001000
0.001000
0.348660
0.343474
0.001000
0.178905
0.177767
0.001000
0.346526
0.175480
0.001000
0.001000
0.001000
0.001000
0.343148
0.344392
0.001000
0.001000
0.346987
0.001000
0.001000
0.345186
0.177624
0.177663
0.344078
0.347207
0.174870
0.174871
0.343971
0.348773
0.001000
0.346000
0.001000
0.175939
0.175949
0.177709
0.343680
0.342612
0.176898
0.347580
0.347802
0.178233
0.177966
0.001000
0.344886
0.177711
0.178712
0.347919
0.342452
0.347029
0.001000
0.178346
0.345122
0.001000
0.176820
0.175642
0.347754
0.176953
0.179069
0.177198
0.343434
0.176372
0.343799
0.001000
0.001000
0.001000
0.176784
0.347367
0.344572
0.344651
0.001000
0.001000
0.001000
0.177449
0.001000
0.001000
0.343906
0.341778
0.347231
0.001000
0.346174
0.176107
0.001000
0.001000
0.001000
0.176608
0.345067
0.174536
0.001000
0.174704
0.001000
0.345881
0.343748
0.344764
0.001000
0.177452
0.001000
0.001000
0.178881
0.347147
0.001000
0.177875
0.001000
0.347967
0.001000
0.001000
0.347753
0.345580
0.346407
0.175576
0.347235
0.175358
