0.017845
0.018979
0.017063
0.019426
0.017962
0.016611
0.028799
0.016325
0.018204
0.001000
0.001000
0.001000
0.001000
0.001000
0.018518
0.020714
0.025596
0.020915
0.018961
0.028902
0.019156
0.018630
0.031075
0.017614
0.026797
0.030307
0.016913
0.018964
0.025355
0.017642
0.017887
0.019043
0.018256
0.031931
0.020286
0.017887
0.020930
0.029661
0.001000
0.001000
0.001000
0.001000
0.001000
0.001000
0.001000
0.001000
0.027317
0.016849
0.019190
0.027202
0.016863
0.019591
0.031180
0.017251
0.019398
0.027671
0.019320
0.020411
0.017249
0.001000
0.029535
0.032876
0.028485
0.018602
0.017688
0.018017
0.028265
0.015680
0.017885
0.027648
0.027535
0.030564
0.031046
0.030583
0.019279
0.020578
0.032159
0.031765
0.018762
0.027584
0.026766
0.029397
0.027650
0.030788
0.017970
0.019286
0.016255
0.027346
0.018662
0.018684
0.025722
0.019808
0.030243
0.001000
0.001000
0.001000
0.001000
0.026416
0.031675
0.027036
0.019832
0.028382
0.027036
0.028458
0.019238
0.029862
0.001000
0.001000
0.001000
0.028145
0.017213
0.018758
0.018808
0.019669
0.019378
0.018338
0.026408
0.028647
0.018553
0.018619
0.031051
0.020496
0.027608
0.001000
0.017639
0.020094
0.016646
0.001000
0.020218
0.016654
0.001000
0.001000
0.001000
0.029079
0.001000
0.001000
0.025663
0.017796
0.018871
0.018874
0.017562
0.019240
0.017586
0.018989
0.030915
0.027065
0.027564
0.019122
0.001000
0.001000
0.019084
0.030155
0.031352
0.027164
0.030818
0.001000
0.018777
0.018431
0.019464
0.016720
0.032107
0.029435
0.017638
0.001000
0.001000
0.001000
0.001000
0.001000
0.001000
0.001000
0.031942
0.027115
0.019653
0.015792
0.018655
0.001000
0.018039
0.018036
0.028454
0.017034
0.001000
0.001000
0.001000
0.001000
0.001000
0.001000
0.001000
0.001000
0.027674
0.001000
0.001000
0.001000
0.019313
0.001000
0.001000
0.001000
0.001000
0.001000
0.001000
0.029991
0.001000
0.017706
0.001000
0.001000
0.001000
0.028924
0.001000
0.001000
0.019313
0.019702
0.021301
0.026101
0.018385
0.026320
0.016633
0.018570
0.018924
0.001000
0.031236
0.017603
0.028662
0.016184
0.024913
0.025968
0.016889
0.029043
0.017425
0.001000
0.001000
0.001000
0.001000
0.020308
0.001000
0.001000
0.001000
0.001000
0.001000
0.001000
0.001000
0.001000
0.001000
0.001000
0.001000
0.001000
0.030000
0.029902
0.001000
0.001000
0.001000
0.001000
0.001000
0.001000
0.001000
0.001000
0.001000
0.001000
0.001000
0.001000
0.001000
0.001000
0.001000
0.001000
0.001000
0.001000
0.001000
0.001000
0.001000
0.001000
0.001000
0.001000
0.001000
0.019507
0.018091
0.001000
0.001000
0.031740
0.001000
0.028214
0.001000
0.025069
0.001000
0.026972
0.028617
0.019719
0.030777
0.027512
0.030983
0.028149
0.018346
0.029160
0.031908
0.031317
0.027502
0.021485
0.025972
0.028876
0.030891
0.017827
0.028282
0.029060
0.030034
0.001000
0.029625
0.001000
0.001000
0.027830
0.001000
0.028818
0.001000
0.019771
0.017885
0.001000
0.019400
0.029101
0.019467
0.001000
0.019397
0.018190
0.016628
0.020357
0.001000
0.018600
0.029039
0.001000
0.001000
0.001000
0.001000
0.001000
0.030992
0.018940
0.018376
0.032872
0.019869
0.017778
0.001000
0.017186
0.028288
0.016494
0.017974
0.001000
0.019934
0.018536
0.020355
0.001000
0.001000
0.001000
0.001000
0.001000
0.001000
0.001000
0.028244
0.001000
0.020990
0.019704
0.026583
0.020055
0.019274
0.018206
0.025891
0.027767
0.026513
0.018223
0.027079
0.001000
0.001000
0.019480
0.001000
0.001000
0.001000
0.001000
0.001000
0.001000
0.026587
0.001000
0.001000
0.001000
0.001000
0.001000
0.001000
0.001000
0.016425
0.019168
0.019010
0.029242
0.001000
0.001000
0.018051
0.026723
0.020501
0.032422
0.019043
0.017402
0.028055
0.031961
0.025338
0.031002
0.025765
0.027145
0.001000
0.030681
0.001000
0.001000
0.001000
0.001000
0.001000
0.018912
0.019063
0.001000
0.027432
0.028699
0.001000
0.001000
0.001000
0.017618
0.001000
0.001000
0.001000
0.001000
0.030976
0.001000
0.001000
0.001000
0.031324
0.001000
0.001000
0.017962
0.019923
0.018079
0.001000
0.016651
0.001000
0.001000
0.019585
0.001000
0.029904
0.019185
0.030734
0.031073
0.026955
0.027026
0.031069
0.026085
0.018287
0.026636
0.001000
0.001000
0.001000
0.020460
0.001000
0.001000
0.017851
0.001000
0.001000
0.001000
0.001000
0.001000
0.001000
0.019387
0.001000
0.001000
0.001000
0.018190
0.018291
0.030988
0.001000
0.001000
0.001000
0.001000
0.018277
0.018396
0.001000
0.016946
0.019348
0.027619
0.029845
0.016433
0.031228
0.029786
0.018873
0.025877
0.030014
0.028922
0.029603
0.001000
0.016532
0.028750
0.001000
0.001000
0.027242
0.001000
0.001000
0.027532
0.027421
0.029262
0.001000
0.018917
0.030634
0.018274
0.020097
0.027470
0.018367
0.018176
0.018994
0.029846
0.001000
0.017622
0.021340
0.001000
0.018653
0.001000
0.029417
0.032538
0.027752
0.001000
0.030515
0.030514
0.028488
0.030880
0.016703
0.028958
0.027651
0.029810
0.030643
0.027791
0.001000
0.027523
0.019844
0.001000
0.019425
0.030851
0.029876
0.017592
0.001000
0.018458
0.001000
0.030399
0.017990
0.016562
0.027208
0.018134
0.031103
0.001000
0.017559
0.018782
0.017777
0.018101
0.018610
0.016460
0.018989
0.001000
0.028355
0.033101
0.001000
0.019217
0.019526
0.019196
0.032420
0.001000
0.025592
0.031281
0.030537
0.001000
0.001000
0.001000
0.001000
0.001000
0.001000
0.001000
0.026896
0.016288
0.001000
0.001000
0.001000
0.001000
0.001000
0.029394
0.001000
0.019516
0.001000
0.001000
0.018121
0.001000
0.017312
0.001000
0.019677
0.001000
0.018771
0.017612
0.001000
0.027884
0.001000
0.029127
0.017184
0.028181
0.001000
0.017702
0.001000
0.016727
0.001000
0.001000
0.001000
0.001000
0.019372
0.031225
0.030688
0.027180
0.028588
0.001000
0.028728
0.026387
0.020571
0.017713
0.031018
0.030525
0.001000
0.030901
0.030130
0.001000
0.001000
0.001000
0.001000
0.028052
0.027062
0.017911
0.017854
0.001000
0.001000
0.001000
0.001000
0.001000
0.001000
0.001000
0.001000
0.018319
0.001000
0.001000
0.001000
0.001000
0.026635
0.001000
0.017953
0.019049
0.027902
0.028330
0.020858
0.030082
0.019536
0.017937
0.001000
0.018260
0.031662
0.016731
0.019340
0.032717
0.027124
0.001000
0.019726
0.027588
0.017103
0.020397
0.016940
0.020808
0.019449
0.018324
0.019663
0.018122
0.031016
0.027658
0.027124
0.028772
0.031258
0.001000
0.026424
0.032375
0.029561
0.028820
0.029786
0.001000
0.026466
0.001000
0.001000
0.001000
0.018405
0.028559
0.001000
0.018285
0.001000
0.019358
0.001000
0.001000
0.018697
0.028697
0.001000
0.018305
0.001000
0.028845
0.028562
0.028252
0.028525
0.024998
0.030225
0.018758
0.026773
0.027862
0.001000
0.019116
0.001000
0.029565
0.001000
0.001000
0.001000
0.001000
0.001000
0.001000
0.001000
0.001000
0.017649
0.001000
0.018639
0.032114
0.001000
0.027722
0.001000
0.001000
0.029479
0.029397
0.001000
0.001000
0.017996
0.019386
0.028213
0.019810
0.017924
0.017742
0.017172
0.001000
0.027821
0.017348
0.017796
0.018096
0.029626
0.026473
0.030022
0.019368
0.021044
0.001000
0.001000
0.029548
0.028499
0.030933
0.027231
0.031057
0.018096
0.031522
0.018209
0.016986
0.019115
0.031413
0.030287
0.018265
0.028199
0.018747
0.001000
0.018693
0.029092
0.001000
0.026785
0.001000
0.019963
0.001000
0.001000
0.001000
0.001000
0.001000
0.032254
0.001000
0.001000
0.018749
0.001000
0.001000
0.001000
0.001000
0.001000
0.001000
0.001000
0.028693
0.027326
0.001000
0.017730
0.020830
0.001000
0.021271
0.016992
0.016636
0.018975
0.020779
0.019811
0.027751
0.001000
0.001000
0.001000
0.001000
0.001000
0.001000
0.001000
0.019972
0.001000
0.019902
0.031822
0.019221
0.001000
0.020351
0.026567
0.019936
0.019403
0.019874
0.015714
0.017423
0.027207
0.025294
0.030534
0.026212
0.031399
0.019410
0.029370
0.028479
0.025870
0.027477
0.017739
0.028455
0.017973
0.020381
0.018075
0.016409
0.017862
0.031832
0.018279
0.030917
0.001000
0.001000
0.001000
0.027439
0.019555
0.028268
0.001000
0.001000
0.029707
0.001000
0.001000
0.031386
0.001000
0.028580
0.027201
0.001000
0.001000
0.026800
0.001000
0.001000
0.001000
0.001000
0.001000
0.001000
0.020734
0.001000
0.018818
0.001000
0.019094
0.030043
0.028260
0.025562
0.027301
0.032570
0.020220
0.029852
0.028435
0.031863
0.030173
0.016923
0.018987
0.020793
0.019567
0.030298
0.017468
0.001000
0.001000
0.001000
0.025916
0.031738
0.029659
0.028762
0.018904
0.001000
0.029020
0.019892
0.018953
0.017903
0.018425
0.001000
0.016903
0.020633
0.001000
0.017342
0.019717
0.030432
0.027019
0.001000
0.025002
0.001000
0.018173
0.030357
0.001000
0.020888
0.018915
0.019957
0.019641
0.020808
0.001000
0.001000
0.001000
0.026991
0.018667
0.018703
0.017423
0.020437
0.029273
0.017168
0.029814
0.027504
0.018332
0.018113
0.018111
0.031422
0.017872
0.019751
0.001000
0.028796
0.026779
0.019915
0.029293
0.028748
0.016935
0.031033
0.017570
0.031485
0.028605
0.029082
0.001000
0.030856
0.029855
0.001000
0.030241
0.017423
0.026771
0.032929
0.026965
0.031314
0.001000
0.026471
0.020077
0.019754
0.018795
0.017448
0.017345
0.028797
0.001000
0.021393
0.016309
0.027359
0.030113
0.001000
0.019942
0.001000
0.001000
0.001000
0.014145
0.026288
0.001000
0.001000
0.001000
0.001000
0.001000
0.016898
0.027052
0.001000
0.001000
0.001000
0.001000
0.019416
0.017401
0.001000
0.017448
0.001000
0.018874
0.026539
0.001000
0.001000
0.020937
0.019376
0.029885
0.032250
0.019716
0.026965
0.029792
0.001000
0.018991
0.019845
0.019379
0.026897
0.001000
0.018216
0.020274
0.018034
0.017996
0.019421
0.029417
0.028577
0.018220
0.001000
0.030195
0.029623
0.016812
0.027712
0.028479
0.001000
0.031323
0.027050
0.020022
0.029859
0.016946
0.018797
0.026306
0.029889
0.019056
0.018312
0.019886
0.016567
0.029360
0.001000
0.030023
0.028892
0.027195
0.028380
0.031579
0.027866
0.024547
0.001000
0.001000
0.001000
0.032669
0.001000
0.001000
0.001000
0.001000
0.020362
0.001000
0.016831
0.018863
0.017992
0.018260
0.029401
0.018671
0.029418
0.018185
0.018588
0.026840
0.026638
0.020601
0.027777
0.029740
0.020748
0.001000
0.028440
0.030040
0.016974
0.018340
0.016471
0.018358
0.028130
0.017001
0.018598
0.001000
0.001000
0.029666
0.031003
0.026875
0.030340
0.001000
0.016642
0.001000
0.029009
0.001000
0.001000
0.001000
0.001000
0.001000
0.026880
0.001000
0.001000
0.001000
0.001000
0.001000
0.001000
0.001000
0.029734
0.032340
0.001000
0.017782
0.001000
0.028361
0.018166
0.019493
0.019735
0.028996
0.030825
0.026894
0.025981
0.001000
0.001000
0.001000
0.001000
0.029591
0.001000
0.030244
0.027214
0.017816
0.017216
0.028486
0.001000
0.019008
0.018831
0.017756
0.001000
0.016934
0.001000
0.001000
0.001000
0.001000
0.001000
0.030333
0.001000
0.031492
0.029054
0.001000
0.001000
0.001000
0.001000
0.020127
0.018597
0.020113
0.025464
0.018492
0.026778
0.017359
0.018043
0.017590
0.017901
0.027248
0.032242
0.029645
0.026654
0.027091
0.027335
0.020120
0.027768
0.001000
0.029411
0.030155
0.001000
0.029804
0.028769
0.018302
0.018800
0.015863
0.018933
0.001000
0.029370
0.017478
0.030449
0.020348
0.032037
0.031159
0.017322
0.017429
0.001000
0.001000
0.029350
0.001000
0.001000
0.001000
0.027414
0.019823
0.018736
0.018694
0.032522
0.027344
0.019115
0.025641
0.017691
0.026308
0.018133
0.018420
0.017943
0.017342
0.020722
0.019050
0.026497
0.018859
0.019562
0.030336
0.017878
0.001000
0.001000
0.017216
0.031107
0.001000
0.001000
0.030667
0.001000
0.016604
0.016213
0.017673
0.001000
0.018604
0.016767
0.017267
0.001000
0.028050
0.031338
0.029667
0.016700
0.027527
0.029912
0.031561
0.029274
0.031365
0.028897
0.028183
0.020006
0.027281
0.001000
0.001000
0.001000
0.025611
0.001000
0.029179
0.031028
0.001000
0.001000
0.026893
0.029721
0.029609
0.001000
0.001000
0.001000
0.001000
0.001000
0.001000
0.001000
0.018147
0.019850
0.030143
0.001000
0.001000
0.020261
0.020221
0.020077
0.018722
0.029872
0.028058
0.019084
0.001000
0.001000
0.032137
0.027853
0.028576
0.026892
0.016517
0.024771
0.032525
0.030608
0.001000
0.029647
0.029073
0.030552
0.028922
0.026965
0.020533
0.028077
0.025935
0.016391
0.020041
0.016963
0.001000
0.026651
0.015937
0.001000
0.026587
0.001000
0.001000
0.001000
0.001000
0.001000
0.001000
0.001000
0.027827
0.029735
0.030576
0.028097
0.025836
0.030045
0.001000
0.001000
0.026665
0.001000
0.026638
0.026251
0.017963
0.001000
0.017530
0.029261
0.001000
0.024474
0.029553
0.026530
0.016491
0.026671
0.001000
0.028840
0.019929
0.016623
0.028738
0.031245
0.001000
0.001000
0.020608
0.001000
0.028383
0.028315
0.018111
0.029154
0.001000
0.025812
0.026325
0.030426
0.001000
0.030837
0.029611
0.032187
0.029761
0.026497
0.031556
0.028587
0.029981
0.026066
0.028868
0.025721
0.028716
0.029699
0.030949
0.026719
0.030983
0.031434
0.024928
0.020088
0.032489
0.027946
0.016957
0.001000
0.026696
0.015730
0.001000
0.001000
0.001000
0.028581
0.001000
0.001000
0.017341
0.001000
0.001000
0.017121
0.025450
0.028703
0.001000
0.031056
0.018802
0.029365
0.030590
0.027110
0.018811
0.031038
0.027620
0.030587
0.001000
0.001000
0.001000
0.018322
0.018431
0.018962
0.017176
0.017670
0.019574
0.020054
0.001000
0.028109
0.001000
0.001000
0.001000
0.001000
0.025963
0.001000
0.001000
0.001000
0.001000
0.001000
0.001000
0.001000
0.001000
0.021026
0.001000
0.030226
0.030861
0.001000
0.001000
0.016597
0.019662
0.001000
0.018292
0.026409
0.018161
0.001000
0.018843
0.018719
0.018224
0.018148
0.030709
0.026694
0.029450
0.017725
0.030323
0.029231
0.031568
0.026122
0.032278
0.026017
0.028435
0.001000
0.001000
0.001000
0.027153
0.001000
0.028102
0.032433
0.001000
0.028044
0.017027
0.031595
0.031833
0.021102
0.029047
0.026287
0.018098
0.031199
0.029604
0.001000
0.001000
0.029066
0.001000
0.030439
0.025539
0.001000
0.030436
0.001000
0.029259
0.027164
0.027507
0.029354
0.021057
0.018393
0.019385
0.029919
0.027276
0.030057
0.028704
0.001000
0.016908
0.031691
0.030548
0.030111
0.025870
0.025316
0.019275
0.019556
0.027852
0.018055
0.001000
0.001000
0.001000
0.001000
0.001000
0.001000
0.001000
0.001000
0.001000
0.031154
0.029944
0.001000
0.018022
0.030144
0.018870
0.029003
0.031697
0.025777
0.019705
0.031391
0.001000
0.001000
0.027547
0.025461
0.032130
0.001000
0.001000
0.001000
0.029871
0.025150
0.018164
0.030689
0.018525
0.017566
0.032166
0.018164
0.031312
0.029245
0.024864
0.030243
0.030990
0.030198
0.031261
0.017080
0.028476
0.016853
0.017479
0.020132
0.032491
0.018499
0.028017
0.028422
0.018815
0.016714
0.030074
0.031135
0.018109
0.029777
0.029497
0.001000
0.018272
0.028401
0.025523
0.001000
0.026538
0.027143
0.001000
0.001000
0.020756
0.026915
0.018452
0.032603
0.030431
0.029290
0.019193
0.016761
0.029704
0.018177
0.027286
0.001000
0.021249
0.001000
0.001000
0.028758
0.001000
0.001000
0.001000
0.030430
0.001000
0.001000
0.001000
0.001000
0.001000
0.031332
0.001000
0.027817
0.019341
0.017968
0.001000
0.001000
0.001000
0.001000
0.030893
0.028764
0.018848
0.030414
0.025745
0.028860
0.017052
0.001000
0.029689
0.001000
0.018207
0.001000
0.018230
0.027719
0.001000
0.001000
0.001000
0.001000
0.001000
0.030763
0.027363
0.024811
0.017249
0.033008
0.025777
0.028821
0.030579
0.026950
0.028275
0.001000
0.017514
0.029595
0.027928
0.027803
0.028426
0.026556
0.020715
0.016687
0.031984
0.032091
0.027685
0.018122
0.027809
0.018745
0.018034
0.001000
0.001000
0.031683
0.001000
0.001000
0.001000
0.001000
0.001000
0.032186
0.017178
0.017683
0.018991
0.018847
0.001000
0.030214
0.031349
0.027880
0.028923
0.029428
0.001000
0.026138
0.018277
0.032213
0.001000
0.001000
0.001000
0.001000
0.001000
0.018344
0.018583
0.001000
0.001000
0.001000
0.001000
0.001000
0.030620
0.001000
0.001000
0.001000
0.029056
0.016850
0.029628
0.029206
0.018794
0.018014
0.020342
0.027491
0.028779
0.019151
0.025748
0.028451
0.026290
0.001000
0.017194
0.029452
0.027019
0.001000
0.031813
0.029011
0.027795
0.001000
0.029800
0.020455
0.031225
0.028874
0.028311
0.001000
0.032148
0.026847
0.026537
0.001000
0.017917
0.001000
0.018304
0.001000
0.016915
0.031718
0.029803
0.026301
0.025227
0.016122
0.026405
0.019437
0.025598
0.017023
0.001000
0.001000
0.018464
0.001000
0.001000
0.001000
0.001000
0.001000
0.001000
0.028889
0.001000
0.001000
0.031394
0.001000
0.016869
0.001000
0.001000
0.029265
0.001000
0.001000
0.001000
0.001000
0.001000
0.013737
0.001000
0.001000
0.001000
0.001000
0.014064
0.001000
0.013696
0.013638
0.013865
0.013638
0.013963
0.019413
0.013900
0.013802
0.029626
0.001000
0.001000
0.001000
0.031763
0.001000
0.019520
0.001000
0.028550
0.028089
0.016798
0.018086
0.017992
0.001000
0.017050
0.018050
0.019380
0.030006
0.031137
0.019281
0.019775
0.025676
0.020467
0.030937
0.029795
0.001000
0.031309
0.017862
0.028579
0.001000
0.031002
0.001000
0.001000
0.001000
0.017380
0.027930
0.017681
0.032284
0.001000
0.030166
0.027385
0.030451
0.029062
0.015855
0.028418
0.030594
0.029562
0.026462
0.019388
0.001000
0.001000
0.027261
0.030139
0.001000
0.018774
0.030560
0.001000
0.019076
0.016533
0.029461
0.027974
0.018704
0.018952
0.018467
0.020140
0.027472
0.026668
0.026872
0.025040
0.029116
0.001000
0.026848
0.025592
0.020094
0.020219
0.001000
0.020424
0.001000
0.027214
0.001000
0.031476
0.001000
0.001000
0.001000
0.001000
0.019434
0.001000
0.001000
0.027903
0.018233
0.001000
0.001000
0.026221
0.019796
0.001000
0.001000
0.026298
0.026173
0.020081
0.031701
0.001000
0.001000
0.001000
0.017582
0.019334
0.019597
0.001000
0.018192
0.032036
0.024793
0.019019
0.017827
0.018814
0.031595
0.016537
0.018596
0.018545
0.001000
0.031772
0.001000
0.018230
0.029598
0.020038
0.019978
0.019389
0.027428
0.019078
0.001000
0.019148
0.031003
0.027755
0.001000
0.001000
0.001000
0.017556
0.031054
0.020706
0.030681
0.001000
0.001000
0.001000
0.018840
0.001000
0.017965
0.018509
0.028810
0.018240
0.020148
0.017462
0.017617
0.029968
0.029965
0.031625
0.027833
0.026515
0.020124
0.026989
0.028804
0.031497
0.029579
0.020681
0.001000
0.029046
0.028979
0.020669
0.031817
0.001000
0.019553
0.029247
0.028047
0.019223
0.001000
0.019363
0.020519
0.028961
0.001000
0.032352
0.018329
0.026353
0.026893
0.018895
0.032728
0.001000
0.001000
0.016615
0.019295
0.016679
0.018178
0.016685
0.017171
0.019906
0.018954
0.018434
0.019387
0.001000
0.001000
0.001000
0.001000
0.018413
0.019708
0.017981
0.029498
0.001000
0.019219
0.019362
0.017768
0.018649
0.001000
0.031484
0.028014
0.030773
0.019822
0.026214
0.030720
0.031725
0.031812
0.026602
0.031808
0.030380
0.027783
0.026803
0.019286
0.017640
0.017140
0.018033
0.027082
0.030718
0.017795
0.019107
0.001000
0.029249
0.018178
0.030487
0.001000
0.029250
0.016791
0.030297
0.029756
0.031637
0.030621
0.029369
0.028785
0.031339
0.019245
0.031335
0.027581
0.027384
0.029579
0.026144
0.026830
0.027947
0.030677
0.026129
0.020621
0.017569
0.001000
0.001000
0.001000
0.001000
0.001000
0.001000
0.001000
0.001000
0.018270
0.017496
0.017165
0.019817
0.020121
0.020267
0.018347
0.025473
0.016497
0.020398
0.031359
0.029387
0.027110
0.018952
0.001000
0.027700
0.025728
0.018747
0.018281
0.028606
0.030660
0.030507
0.027499
0.031312
0.001000
0.001000
0.030057
0.001000
0.001000
0.001000
0.001000
0.001000
0.001000
0.018539
0.001000
0.032198
0.026011
0.032647
0.027394
0.018774
0.020979
0.019191
0.027390
0.001000
0.024682
0.027794
0.028308
0.030424
0.001000
0.001000
0.001000
0.001000
0.001000
0.001000
0.028706
0.001000
0.001000
0.001000
0.032501
0.017586
0.018145
0.001000
0.016959
0.016727
0.018617
0.016847
0.001000
0.029180
0.001000
0.028217
0.021353
0.020186
0.020952
0.030555
0.017148
0.029578
0.001000
0.001000
0.001000
0.001000
0.031403
0.001000
0.017977
0.001000
0.001000
0.001000
0.001000
0.027956
0.001000
0.029773
0.001000
0.030085
0.001000
0.001000
0.024794
0.028311
0.001000
0.018521
0.030989
0.001000
0.001000
0.027872
0.001000
0.019252
0.026578
0.020970
0.001000
0.027635
0.027585
0.017456
0.027763
0.029529
0.031185
0.017222
0.031398
0.019234
0.027346
0.028226
0.020163
0.025888
0.001000
0.028514
0.031782
0.001000
0.020787
0.025937
0.001000
0.027436
0.001000
0.001000
0.028465
0.001000
0.019106
0.001000
0.030084
0.001000
0.017520
0.025365
0.029286
0.017720
0.001000
0.026975
0.001000
0.001000
0.031038
0.001000
0.001000
0.001000
0.030868
0.020390
0.028911
0.025825
0.019427
0.001000
0.025074
0.001000
0.001000
0.001000
0.001000
0.001000
0.027776
0.030421
0.030684
0.017599
0.027968
0.027674
0.020346
0.020137
0.026903
0.029950
0.029081
0.025748
0.028641
0.021367
0.001000
0.031766
0.029799
0.029263
0.029450
0.024818
0.018300
0.029751
0.030268
0.032164
0.018842
0.032516
0.032676
0.018672
0.028552
0.001000
0.027719
0.030967
0.017611
0.001000
0.013637
0.001000
0.001000
0.019705
0.025100
0.030233
0.001000
0.001000
0.001000
0.001000
0.013483
0.013965
0.001000
0.014162
0.018773
0.001000
0.013418
0.001000
0.027082
0.001000
0.020294
0.019758
0.030771
0.029185
0.032006
0.026417
0.029202
0.031608
0.026659
0.031350
0.018301
0.019429
0.030341
0.016956
0.026848
0.031564
0.020075
0.001000
0.001000
0.028667
0.016572
0.001000
0.001000
0.001000
0.028725
0.001000
0.029123
0.001000
0.033003
0.001000
0.027782
0.026059
0.001000
0.018558
0.031276
0.001000
0.028815
0.029066
0.001000
0.001000
0.026819
0.017956
0.019304
0.019882
0.018373
0.016913
0.018245
0.027627
0.021017
0.017691
0.018415
0.017355
0.001000
0.001000
0.001000
0.018139
0.001000
0.029676
0.001000
0.001000
0.028068
0.028178
0.001000
0.001000
0.001000
0.019386
0.001000
0.026321
0.018326
0.001000
0.016242
0.018499
0.001000
0.020508
0.019519
0.001000
0.001000
0.020048
0.001000
0.020755
0.001000
0.001000
0.001000
0.027043
0.026602
0.001000
0.018717
0.018926
0.017618
0.019956
0.019158
0.019292
0.020069
0.029867
0.031012
0.027388
0.001000
0.001000
0.026224
0.028017
0.029568
0.026605
0.027115
0.015893
0.001000
0.001000
0.001000
0.018904
0.001000
0.027038
0.019898
0.025935
0.001000
0.030005
0.001000
0.030219
0.001000
0.001000
0.001000
0.001000
0.001000
0.030491
0.017540
0.001000
0.018939
0.001000
0.001000
0.001000
0.001000
0.001000
0.025757
0.025310
0.026645
0.001000
0.030584
0.019877
0.018039
0.001000
0.019776
0.001000
0.019165
0.020703
0.017826
0.029725
0.025572
0.017254
0.026880
0.028458
0.028534
0.026736
0.028815
0.027860
0.028976
0.027857
0.001000
0.027104
0.025263
0.020422
0.021056
0.017657
0.021032
0.019384
0.027883
0.001000
0.018028
0.001000
0.001000
0.001000
0.001000
0.001000
0.027095
0.030237
0.029213
0.027903
0.020972
0.029795
0.025969
0.031547
0.027687
0.030771
0.030526
0.029809
0.016852
0.028398
0.027705
0.026583
0.001000
0.026185
0.017088
0.001000
0.029821
0.016375
0.028207
0.019100
0.017553
0.001000
0.001000
0.030232
0.001000
0.027578
0.001000
0.001000
0.028996
0.020394
0.030290
0.001000
0.001000
0.031410
0.029488
0.001000
0.029437
0.018903
0.001000
0.016291
0.016758
0.001000
0.019858
0.025798
0.018472
0.028027
0.001000
0.016659
0.017134
0.018825
0.001000
0.016199
0.017934
0.019073
0.001000
0.028104
0.001000
0.001000
0.026544
0.001000
0.026354
0.019067
0.001000
0.001000
0.001000
0.001000
0.029503
0.001000
0.026498
0.001000
0.001000
0.001000
0.001000
0.001000
0.017953
0.001000
0.001000
0.027164
0.018910
0.018255
0.001000
0.018708
0.019781
0.021081
0.031890
0.027837
0.018072
0.026548
0.001000
0.001000
0.001000
0.029634
0.018261
0.017721
0.001000
0.001000
0.001000
0.013374
0.001000
0.001000
0.020594
0.001000
0.001000
0.030163
0.028088
0.029664
0.001000
0.030548
0.026354
0.017949
0.029856
0.017464
0.018183
0.017373
0.019604
0.028837
0.028826
0.031334
0.032183
0.026544
0.001000
0.001000
0.001000
0.001000
0.020593
0.029473
0.028669
0.030417
0.028909
0.001000
0.025875
0.016392
0.032929
0.001000
0.029818
0.001000
0.016448
0.001000
0.029611
0.027681
0.027588
0.028475
0.027870
0.019223
0.032115
0.027507
0.001000
0.030021
0.031033
0.001000
0.001000
0.001000
0.026799
0.001000
0.001000
0.001000
0.029818
0.001000
0.032852
0.001000
0.001000
0.026230
0.019275
0.026677
0.027441
0.001000
0.030236
0.027702
0.025407
0.018749
0.031559
0.017301
0.030436
0.019229
0.027609
0.030122
0.001000
0.029886
0.001000
0.028133
0.001000
0.001000
0.001000
0.001000
0.001000
0.001000
0.001000
0.001000
0.001000
0.001000
0.029048
0.028413
0.030169
0.026355
0.027760
0.028458
0.025980
0.026178
0.027251
0.001000
0.001000
0.001000
0.001000
0.027141
0.001000
0.029465
0.001000
0.031795
0.028499
0.019860
0.029885
0.001000
0.029302
0.025231
0.001000
0.001000
0.026557
0.001000
0.029877
0.001000
0.001000
0.001000
0.001000
0.001000
0.018891
0.001000
0.001000
0.001000
0.001000
0.001000
0.001000
0.026361
0.020862
0.026026
0.028408
0.016993
0.001000
0.032403
0.032139
0.031144
0.017155
0.025080
0.030507
0.026806
0.019688
0.027065
0.001000
0.001000
0.001000
0.001000
0.027773
0.030340
0.019063
0.026779
0.030001
0.021489
0.018785
0.025827
0.026472
0.029959
0.018247
0.001000
0.030045
0.001000
0.018672
0.001000
0.001000
0.001000
0.031180
0.016104
0.030937
0.020043
0.001000
0.001000
0.027429
0.001000
0.031917
0.031724
0.029782
0.001000
0.017831
0.027484
0.019194
0.017771
0.032605
0.026027
0.018306
0.017244
0.001000
0.029168
0.001000
0.019012
0.001000
0.027647
0.001000
0.001000
0.001000
0.030072
0.027481
0.001000
0.001000
0.001000
0.001000
0.026537
0.030898
0.001000
0.031919
0.001000
0.001000
0.001000
0.001000
0.001000
0.001000
0.017883
0.020267
0.026607
0.020168
0.017445
0.017443
0.019146
0.001000
0.027243
0.018004
0.001000
0.001000
0.001000
0.025916
0.001000
0.001000
0.001000
0.001000
0.001000
0.001000
0.019481
0.031972
0.020099
0.030394
0.030987
0.018687
0.026072
0.019068
0.031338
0.001000
0.001000
0.001000
0.025665
0.001000
0.001000
0.001000
0.001000
0.025328
0.029845
0.001000
0.001000
0.001000
0.001000
0.018532
0.027799
0.001000
0.031489
0.001000
0.001000
0.001000
0.001000
0.019292
0.030924
0.017695
0.001000
0.019299
0.017107
0.001000
0.025743
0.018935
0.001000
0.027805
0.026783
0.026612
0.025452
0.028544
0.025728
0.026567
0.030239
0.026506
0.029383
0.001000
0.026174
0.001000
0.001000
0.030422
0.017684
0.001000
0.017834
0.026236
0.027361
0.030046
0.026800
0.030709
0.001000
0.027795
0.018197
0.030792
0.016330
0.031105
0.019489
0.028290
0.018667
0.016743
0.029034
0.018853
0.025786
0.030621
0.029733
0.025066
0.015782
0.019972
0.028707
0.017445
0.018672
0.018865
0.018695
0.001000
0.018838
0.020619
0.019211
0.031424
0.001000
0.019187
0.028660
0.032159
0.026188
0.001000
0.026046
0.001000
0.028835
0.019567
0.016994
0.018153
0.001000
0.001000
0.001000
0.027188
0.001000
0.013950
0.001000
0.001000
0.001000
0.001000
0.001000
0.001000
0.027097
0.028994
0.018457
0.001000
0.001000
0.001000
0.013760
0.013406
0.001000
0.001000
0.001000
0.013410
0.029730
0.001000
0.025585
0.031707
0.024695
0.029712
0.015753
0.025320
0.029359
0.029232
0.018168
0.029404
0.028533
0.031956
0.016868
0.026180
0.030686
0.001000
0.001000
0.001000
0.018057
0.001000
0.021189
0.001000
0.020348
0.001000
0.030147
0.030202
0.030667
0.001000
0.001000
0.001000
0.020239
0.001000
0.001000
0.030272
0.028535
0.025886
0.025807
0.018062
0.032333
0.027957
0.017855
0.027522
0.032041
0.001000
0.016954
0.018897
0.001000
0.018774
0.017538
0.001000
0.001000
0.016798
0.018404
0.027598
0.030227
0.017322
0.020699
0.028540
0.001000
0.001000
0.001000
0.031997
0.001000
0.032711
0.025300
0.001000
0.001000
0.028217
0.001000
0.001000
0.001000
0.001000
0.001000
0.001000
0.001000
0.001000
0.001000
0.001000
0.020443
0.020806
0.001000
0.017202
0.029870
0.019792
0.019371
0.018311
0.030292
0.018746
0.019186
0.028679
0.016603
0.018563
0.017560
0.020677
0.021292
0.031203
0.001000
0.019116
0.018117
0.016259
0.018600
0.016905
0.029175
0.001000
0.020136
0.028492
0.001000
0.001000
0.030372
0.016588
0.001000
0.001000
0.020925
0.030479
0.030607
0.026652
0.032944
0.032402
0.030048
0.001000
0.001000
0.019275
0.028280
0.018252
0.019410
0.018566
0.019510
0.020665
0.016496
0.001000
0.001000
0.001000
0.030035
0.001000
0.001000
0.001000
0.001000
0.001000
0.001000
0.001000
0.001000
0.001000
0.001000
0.001000
0.019851
0.027145
0.029690
0.001000
0.001000
0.015970
0.026920
0.027053
0.017233
0.017742
0.016692
0.020138
0.019487
0.018009
0.026644
0.031583
0.017778
0.001000
0.027774
0.016458
0.017387
0.025719
0.018582
0.001000
0.001000
0.017756
0.029022
0.030577
0.029904
0.024796
0.027412
0.029193
0.031276
0.020925
0.031196
0.030047
0.030220
0.026051
0.026871
0.001000
0.019742
0.001000
0.024830
0.018402
0.026123
0.031659
0.001000
0.018680
0.027865
0.026238
0.029823
0.029383
0.028537
0.026865
0.001000
0.030259
0.026248
0.001000
0.019532
0.028841
0.025579
0.001000
0.017611
0.028639
0.025900
0.001000
0.001000
0.001000
0.001000
0.001000
0.001000
0.001000
0.026847
0.001000
0.001000
0.001000
0.001000
0.001000
0.001000
0.028273
0.019593
0.029211
0.001000
0.028485
0.026041
0.030490
0.025820
0.018440
0.026570
0.019992
0.029489
0.028135
0.030320
0.001000
0.029739
0.001000
0.001000
0.027565
0.001000
0.030235
0.001000
0.001000
0.001000
0.001000
0.028249
0.001000
0.030782
0.018358
0.019106
0.019082
0.001000
0.015772
0.001000
0.017610
0.017131
0.019078
0.031055
0.019858
0.020598
0.030528
0.028896
0.027162
0.026925
0.027494
0.018304
0.019903
0.028079
0.027442
0.031708
0.030268
0.019563
0.001000
0.018354
0.018754
0.031146
0.029878
0.021106
0.018379
0.001000
0.028151
0.025468
0.017503
0.001000
0.031561
0.001000
0.028250
0.001000
0.018282
0.001000
0.001000
0.001000
0.001000
0.028459
0.001000
0.018713
0.001000
0.001000
0.031164
0.026672
0.026184
0.001000
0.001000
0.001000
0.001000
0.001000
0.001000
0.001000
0.018577
0.029561
0.015848
0.028355
0.018384
0.028116
0.017477
0.027730
0.001000
0.030293
0.017649
0.029782
0.019423
0.017966
0.001000
0.026419
0.001000
0.001000
0.016196
0.024875
0.019371
0.001000
0.001000
0.026490
0.017418
0.019631
0.018711
0.019976
0.001000
0.019677
0.027255
0.029628
0.028755
0.018503
0.030021
0.032019
0.027973
0.030073
0.026313
0.001000
0.019387
0.021268
0.001000
0.020600
0.031744
0.029714
0.001000
0.028297
0.029462
0.016964
0.029159
0.020944
0.029095
0.020142
0.032581
0.019034
0.001000
0.026721
0.001000
0.001000
0.001000
0.001000
0.029484
0.016897
0.001000
0.001000
0.031380
0.029847
0.029945
0.030818
0.017896
0.031741
0.016065
0.032676
0.017862
0.028182
0.027578
0.025837
0.001000
0.029774
0.001000
0.016347
0.029405
0.001000
0.001000
0.001000
0.027103
0.024995
0.017580
0.016900
0.017467
0.001000
0.027361
0.019001
0.020386
0.030606
0.026075
0.024641
0.031594
0.029681
0.027118
0.029517
0.018160
0.020770
0.001000
0.018482
0.001000
0.027199
0.020405
0.018162
0.001000
0.001000
0.019183
0.016743
0.001000
0.020219
0.019762
0.027251
0.017994
0.019901
0.017290
0.001000
0.016914
0.020068
0.028132
0.001000
0.020205
0.001000
0.019153
0.020090
0.029847
0.018180
0.017712
0.019674
0.029501
0.029526
0.028768
0.001000
0.001000
0.026690
0.001000
0.026926
0.027716
0.018458
0.019515
0.001000
0.001000
0.020639
0.028081
0.001000
0.032752
0.030793
0.001000
0.025301
0.018100
0.029117
0.001000
0.017021
0.001000
0.001000
0.030460
0.001000
0.026727
0.001000
0.001000
0.031746
0.001000
0.032358
0.001000
0.001000
0.001000
0.001000
0.001000
0.001000
0.029208
0.001000
0.001000
0.001000
0.001000
0.019004
0.001000
0.019012
0.020504
0.001000
0.020111
0.020294
0.017501
0.016187
0.001000
0.001000
0.032448
0.028826
0.028353
0.025510
0.029116
0.025096
0.031907
0.029007
0.028123
0.028588
0.027238
0.033108
0.025964
0.032103
0.027937
0.030135
0.001000
0.027784
0.001000
0.001000
0.001000
0.001000
0.001000
0.001000
0.001000
0.017075
0.018557
0.001000
0.001000
0.030729
0.018605
0.001000
0.001000
0.001000
0.028092
0.001000
0.001000
0.001000
0.001000
0.018527
0.001000
0.001000
0.025920
0.017636
0.027968
0.027703
0.018911
0.018469
0.018969
0.017282
0.025938
0.017994
0.028349
0.016161
0.019089
0.018374
0.018082
0.019704
0.020580
0.018913
0.018934
0.017970
0.001000
0.001000
0.001000
0.019801
0.030338
0.026731
0.001000
0.001000
0.027872
0.030483
0.029036
0.027040
0.026475
0.019573
0.028129
0.026305
0.030891
0.017182
0.017907
0.017569
0.025669
0.001000
0.020370
0.001000
0.001000
0.001000
0.001000
0.001000
0.001000
0.018677
0.016399
0.025445
0.017419
0.019665
0.017561
0.020004
0.019543
0.019238
0.015871
0.001000
0.028255
0.028215
0.032236
0.001000
0.028081
0.024607
0.030764
0.029498
0.029618
0.018724
0.031174
0.028699
0.026294
0.025939
0.029711
0.016585
0.025001
0.001000
0.001000
0.001000
0.001000
0.018157
0.001000
0.029422
0.018018
0.001000
0.029455
0.018735
0.030887
0.027287
0.025798
0.030447
0.018117
0.001000
0.001000
0.001000
0.001000
0.025878
0.001000
0.001000
0.027478
0.001000
0.001000
0.029527
0.001000
0.001000
0.001000
0.001000
0.026390
0.001000
0.001000
0.001000
0.001000
0.017826
0.018305
0.017621
0.030311
0.031727
0.019744
0.018201
0.027169
0.001000
0.030049
0.001000
0.019618
0.031297
0.001000
0.001000
0.019595
0.025121
0.018790
0.016070
0.016374
0.031942
0.028881
0.024746
0.021285
0.001000
0.017817
0.001000
0.018295
0.029169
0.017419
0.020211
0.018043
0.019416
0.018439
0.001000
0.001000
0.001000
0.020771
0.027389
0.027307
0.032360
0.027356
0.025105
0.028234
0.026608
0.001000
0.001000
0.027246
0.001000
0.018335
0.001000
0.030050
0.001000
0.029941
0.024967
0.001000
0.026848
0.001000
0.001000
0.001000
0.001000
0.001000
0.018511
0.018063
0.016289
0.001000
0.021133
0.001000
0.020106
0.030666
0.017168
0.016421
0.028171
0.031245
0.001000
0.026089
0.001000
0.001000
0.001000
0.031057
0.001000
0.031739
0.031047
0.001000
0.017815
0.032058
0.016159
0.031168
0.001000
0.001000
0.001000
0.001000
0.001000
0.032329
0.001000
0.001000
0.018520
0.001000
0.018298
0.017247
0.001000
0.001000
0.027256
0.001000
0.016649
0.001000
0.018401
0.020134
0.001000
0.026601
0.032338
0.028571
0.001000
0.019668
0.027631
0.001000
0.024818
0.001000
0.001000
0.001000
0.001000
0.001000
0.001000
0.025621
0.031028
0.025251
0.019844
0.031367
0.016348
0.027414
0.020007
0.029010
0.032853
0.019203
0.018006
0.019078
0.028200
0.019105
0.001000
0.001000
0.016844
0.017714
0.025734
0.001000
0.018238
0.026749
0.028218
0.031719
0.025318
0.030335
0.029359
0.019520
0.018894
0.018083
0.018274
0.001000
0.020517
0.001000
0.021050
0.032652
0.026304
0.019717
0.020051
0.019206
0.019135
0.017826
0.019294
0.016303
0.001000
0.030081
0.028062
0.001000
0.019841
0.028421
0.001000
0.018257
0.001000
0.030172
0.001000
0.001000
0.001000
0.001000
0.016831
0.001000
0.029772
0.027781
0.019087
0.001000
0.001000
0.001000
0.001000
0.001000
0.001000
0.001000
0.001000
0.001000
0.016476
0.017942
0.001000
0.001000
0.001000
0.028304
0.001000
0.018293
0.001000
0.024894
0.001000
0.001000
0.029851
0.020965
0.028841
0.017160
0.017593
0.001000
0.017311
0.001000
0.031906
0.026450
0.027820
0.029334
0.027543
0.027619
0.017033
0.020422
0.019449
0.019136
0.027225
0.027226
0.026290
0.031369
0.017268
0.019053
0.016795
0.028511
0.029511
0.027925
0.001000
0.001000
0.001000
0.001000
0.018809
0.001000
0.020453
0.018531
0.020951
0.001000
0.018164
0.015910
0.019936
0.026795
0.031062
0.027061
0.025217
0.029991
0.026830
0.024834
0.028337
0.027613
0.028801
0.031280
0.027307
0.001000
0.001000
0.030044
0.001000
0.030764
0.001000
0.001000
0.001000
0.001000
0.001000
0.001000
0.001000
0.019256
0.001000
0.001000
0.001000
0.018713
0.001000
0.001000
0.001000
0.020132
0.001000
0.030508
0.001000
0.017975
0.001000
0.027776
0.029238
0.019830
0.032130
0.027348
0.028798
0.018797
0.018887
0.020175
0.020057
0.015840
0.017992
0.020227
0.018656
0.017373
0.019247
0.017011
0.029159
0.020790
0.001000
0.024811
0.030862
0.029259
0.026744
0.030264
0.016494
0.001000
0.019823
0.018871
0.019255
0.001000
0.020852
0.018619
0.020986
0.028822
0.001000
0.032841
0.031156
0.025906
0.025793
0.029410
0.001000
0.001000
0.001000
0.001000
0.001000
0.018501
0.001000
0.001000
0.001000
0.001000
0.001000
0.026069
0.001000
0.032118
0.001000
0.001000
0.001000
0.018987
0.025244
0.001000
0.017901
0.018835
0.017970
0.017002
0.001000
0.016519
0.001000
0.001000
0.029580
0.027701
0.027987
0.019172
0.030118
0.001000
0.016956
0.001000
0.027930
0.001000
0.030587
0.001000
0.001000
0.018793
0.001000
0.001000
0.026145
0.016975
0.001000
0.001000
0.028591
0.001000
0.001000
0.001000
0.001000
0.001000
0.001000
0.001000
0.001000
0.001000
0.001000
0.001000
0.001000
0.031287
0.029890
0.029251
0.032075
0.030139
0.001000
0.026450
0.001000
0.017542
0.001000
0.001000
0.016456
0.030224
0.001000
0.018036
0.001000
0.018842
0.001000
0.026917
0.017627
0.032038
0.020247
0.019048
0.018306
0.019815
0.029834
0.031794
0.027363
0.031194
0.001000
0.028501
0.028156
0.027613
0.028228
0.031598
0.001000
0.030809
0.029120
0.001000
0.001000
0.020430
0.001000
0.001000
0.001000
0.019325
0.001000
0.018617
0.019014
0.015693
0.026867
0.025567
0.017839
0.013396
0.013877
0.013334
0.013569
0.014195
0.014064
0.018638
0.013896
0.001000
0.030335
0.001000
0.001000
0.001000
0.030457
0.001000
0.001000
0.001000
0.018088
0.001000
0.001000
0.001000
0.001000
0.031670
0.001000
0.029717
0.019705
0.028224
0.001000
0.001000
0.030883
0.001000
0.001000
0.001000
0.030658
0.001000
0.001000
0.031834
0.001000
0.018918
0.018128
0.031712
0.018944
0.001000
0.027686
0.026567
0.030351
0.030630
0.027829
0.016770
0.016244
0.030249
0.031179
0.026817
0.029286
0.028147
0.019590
0.028423
0.019175
0.019763
0.028341
0.031613
0.027995
0.030582
0.029832
0.016814
0.001000
0.001000
0.030742
0.029897
0.028851
0.001000
0.001000
0.001000
0.001000
0.001000
0.001000
0.029375
0.001000
0.028433
0.001000
0.001000
0.001000
0.030367
0.029939
0.029870
0.027337
0.025093
0.001000
0.019089
0.018755
0.017148
0.018112
0.025657
0.026676
0.019745
0.001000
0.001000
0.001000
0.001000
0.001000
0.001000
0.001000
0.001000
0.001000
0.018679
0.018921
0.017898
0.001000
0.027904
0.028180
0.028785
0.029076
0.001000
0.031205
0.027995
0.018963
0.029426
0.021084
0.025049
0.001000
0.001000
0.001000
0.018592
0.001000
0.001000
0.031118
0.001000
0.001000
0.001000
0.017798
0.020609
0.019339
0.020533
0.019714
0.016018
0.016291
0.019001
0.001000
0.018803
0.001000
0.020270
0.031165
0.026416
0.001000
0.019284
0.001000
0.001000
0.027592
0.019857
0.017893
0.017280
0.020199
0.019818
0.028390
0.017500
0.028266
0.028948
0.025883
0.030977
0.026754
0.028128
0.029785
0.027547
0.001000
0.001000
0.001000
0.018659
0.027348
0.029677
0.001000
0.019508
0.020853
0.017747
0.029773
0.001000
0.028472
0.025660
0.016325
0.001000
0.029690
0.026798
0.025886
0.028575
0.028145
0.027796
0.027012
0.017515
0.025900
0.030816
0.027735
0.019936
0.016930
0.019049
0.019521
0.001000
0.019018
0.001000
0.030306
0.001000
0.018702
0.018285
0.001000
0.016595
0.025118
0.019635
0.018479
0.019626
0.019063
0.019405
0.028494
0.018798
0.020714
0.018403
0.019469
0.017954
0.001000
0.028769
0.001000
0.001000
0.019437
0.030889
0.028927
0.001000
0.027658
0.028071
0.001000
0.001000
0.001000
0.027031
0.001000
0.028739
0.001000
0.001000
0.029026
0.028940
0.029077
0.017954
0.020222
0.027468
0.014048
0.030021
0.018711
0.018662
0.013357
0.018477
0.013955
0.019700
0.013827
0.013432
0.013671
0.019253
0.026255
0.013647
0.018173
0.001000
0.019422
0.013339
0.014152
0.028560
0.001000
0.001000
0.001000
0.001000
0.001000
0.001000
0.001000
0.001000
0.001000
0.001000
0.029734
0.030513
0.001000
0.027198
0.001000
0.001000
0.020529
0.001000
0.031900
0.029665
0.027314
0.001000
0.001000
0.001000
0.030114
0.017937
0.027516
0.001000
0.018929
0.026951
0.018824
0.020070
0.026287
0.029090
0.001000
0.032509
0.029975
0.001000
0.001000
0.027948
0.001000
0.001000
0.001000
0.001000
0.001000
0.001000
0.001000
0.018886
0.001000
0.017666
0.029420
0.029165
0.017502
0.017782
0.018682
0.025791
0.028960
0.027146
0.031122
0.030493
0.031904
0.001000
0.032751
0.001000
0.018204
0.030707
0.029527
0.027526
0.001000
0.001000
0.030834
0.001000
0.001000
0.001000
0.030608
0.018457
0.001000
0.027852
0.001000
0.018149
0.031929
0.030750
0.029147
0.030553
0.018646
0.020143
0.031581
0.027577
0.030425
0.026958
0.020883
0.031507
0.001000
0.020027
0.001000
0.029226
0.001000
0.001000
0.001000
0.001000
0.017123
0.030912
0.027127
0.001000
0.029446
0.017325
0.018289
0.017406
0.028311
0.001000
0.020031
0.018549
0.016823
0.028416
0.029110
0.027948
0.017711
0.017914
0.028644
0.018640
0.018331
0.018233
0.017676
0.016866
0.031407
0.016690
0.001000
0.018934
0.017417
0.028122
0.032018
0.001000
0.030439
0.001000
0.001000
0.001000
0.030930
0.001000
0.030428
0.029185
0.029199
0.028510
0.025902
0.019025
0.025583
0.031799
0.016205
0.029270
0.017238
0.027902
0.030392
0.001000
0.001000
0.029020
0.001000
0.001000
0.018868
0.001000
0.028815
0.001000
0.001000
0.001000
0.001000
0.001000
0.030460
0.001000
0.001000
0.001000
0.019181
0.001000
0.020357
0.025304
0.032162
0.001000
0.028849
0.001000
0.025962
0.017194
0.001000
0.019829
0.018978
0.028295
0.001000
0.001000
0.001000
0.001000
0.001000
0.001000
0.001000
0.029393
0.031358
0.020222
0.027198
0.032122
0.021220
0.027680
0.018948
0.027605
0.029664
0.001000
0.026058
0.001000
0.001000
0.001000
0.001000
0.001000
0.018100
0.018560
0.017520
0.019577
0.026476
0.018416
0.016918
0.020137
0.001000
0.001000
0.017802
0.027339
0.001000
0.001000
0.001000
0.001000
0.001000
0.001000
0.001000
0.001000
0.001000
0.001000
0.026289
0.017902
0.030455
0.019765
0.018968
0.018377
0.001000
0.017883
0.017604
0.001000
0.019902
0.020078
0.019280
0.017617
0.001000
0.001000
0.027587
0.001000
0.019298
0.019785
0.001000
0.028236
0.017298
0.017255
0.019231
0.026491
0.017204
0.001000
0.030117
0.001000
0.020152
0.001000
0.027572
0.001000
0.001000
0.001000
0.001000
0.001000
0.030578
0.028445
0.017169
0.029360
0.030287
0.028051
0.028956
0.029950
0.001000
0.017285
0.026417
0.028922
0.001000
0.001000
0.001000
0.001000
0.001000
0.001000
0.001000
0.001000
0.001000
0.001000
0.001000
0.016527
0.017057
0.018948
0.028124
0.016935
0.017414
0.016059
0.017441
0.027547
0.031122
0.001000
0.001000
0.019004
0.001000
0.001000
0.001000
0.028242
0.001000
0.001000
0.027473
0.001000
0.029643
0.001000
0.001000
0.001000
0.001000
0.018613
0.001000
0.001000
0.001000
0.001000
0.001000
0.001000
0.001000
0.001000
0.001000
0.025518
0.017740
0.030047
0.020151
0.017395
0.015998
0.017505
0.001000
0.030973
0.028020
0.027234
0.001000
0.028870
0.001000
0.001000
0.001000
0.027435
0.001000
0.001000
0.001000
0.001000
0.001000
0.001000
0.001000
0.027624
0.018587
0.024269
0.018540
0.016290
0.031135
0.017369
0.028046
0.018113
0.019381
0.018236
0.001000
0.001000
0.030221
0.029197
0.026410
0.025739
0.001000
0.001000
0.016405
0.001000
0.001000
0.019446
0.001000
0.001000
0.026008
0.001000
0.019248
0.019845
0.020045
0.017112
0.019108
0.017801
0.001000
0.027337
0.001000
0.018635
0.027018
0.019570
0.021484
0.018376
0.020171
0.018094
0.019310
0.027581
0.032141
0.019345
0.026773
0.017848
0.026951
0.025819
0.026024
0.027888
0.028922
0.030992
0.029092
0.031357
0.001000
0.001000
0.001000
0.001000
0.019982
0.001000
0.001000
0.026150
0.026578
0.001000
0.001000
0.001000
0.028216
0.031565
0.001000
0.001000
0.001000
0.031276
0.017734
0.001000
0.029000
0.018337
0.001000
0.019108
0.001000
0.021241
0.019055
0.030254
0.001000
0.019846
0.001000
0.016406
0.030489
0.029870
0.017525
0.029897
0.028426
0.028501
0.001000
0.001000
0.027406
0.001000
0.031438
0.001000
0.001000
0.001000
0.027452
0.018415
0.019076
0.019497
0.017099
0.028327
0.031178
0.017681
0.029085
0.020890
0.028528
0.020671
0.001000
0.001000
0.001000
0.024802
0.001000
0.001000
0.019518
0.030984
0.001000
0.016633
0.001000
0.001000
0.027756
0.001000
0.019585
0.019407
0.030158
0.019861
0.018638
0.020043
0.020162
0.001000
0.001000
0.001000
0.026842
0.001000
0.001000
0.001000
0.001000
0.017329
0.026143
0.028608
0.031512
0.028098
0.001000
0.001000
0.001000
0.001000
0.001000
0.027576
0.019986
0.001000
0.001000
0.001000
0.001000
0.001000
0.001000
0.001000
0.001000
0.001000
0.001000
0.029818
0.029230
0.001000
0.018245
0.026837
0.001000
0.026880
0.029901
0.001000
0.001000
0.001000
0.029177
0.030559
0.017441
0.028746
0.001000
0.027989
0.026936
0.028678
0.001000
0.001000
0.026323
0.001000
0.029081
0.030185
0.001000
0.001000
0.001000
0.026262
0.029655
0.028833
0.026690
0.026641
0.028562
0.001000
0.027921
0.017729
0.028088
0.001000
0.001000
0.018414
0.001000
0.001000
0.027843
0.001000
0.017608
0.029496
0.001000
0.020144
0.001000
0.001000
0.019632
0.019728
0.001000
0.019463
0.017717
0.024507
0.001000
0.027166
0.029722
0.028238
0.030197
0.031355
0.018584
0.028987
0.020288
0.001000
0.027872
0.016176
0.030012
0.028730
0.029140
0.029006
0.024761
0.017762
0.032061
0.001000
0.001000
0.026427
