0.001000
0.001000
0.001000
0.001000
0.001000
0.001000
0.001000
0.001000
0.001000
0.001000
0.001000
0.001000
0.001000
0.001000
0.001000
0.001000
0.001000
0.001000
0.001000
0.001000
0.001000
0.001000
0.001000
0.001000
0.001000
0.001000
0.001000
0.001000
0.001000
0.001000
0.001000
0.001000
0.001000
0.001000
0.001000
0.001000
0.001000
0.001000
0.001000
0.001000
0.001000
0.001000
0.001000
0.001000
0.001000
0.001000
0.001000
0.001000
0.001000
0.001000
0.001000
0.001000
0.001000
0.001000
0.001000
0.001000
0.001000
0.001000
0.001000
0.001000
0.001000
0.001000
0.001000
0.001000
0.001000
0.001000
0.001000
0.001000
0.001000
0.001000
0.001000
0.001000
0.001000
0.001000
0.001000
0.001000
0.001000
0.001000
0.001000
0.001000
0.001000
0.001000
0.001000
0.001000
0.001000
0.001000
0.001000
0.001000
0.001000
0.001000
0.001000
0.001000
0.001000
0.001000
0.001000
0.001000
0.001000
0.001000
0.001000
0.001000
0.001000
0.001000
0.001000
0.001000
0.001000
0.001000
0.001000
0.001000
0.001000
0.001000
0.001000
0.001000
0.001000
0.001000
0.001000
0.001000
0.001000
0.001000
0.001000
0.001000
0.001000
0.001000
0.001000
0.028820
0.001000
0.001000
0.001000
0.029646
0.028069
0.001000
0.001000
0.001000
0.001000
0.001000
0.001000
0.001000
0.028829
0.001000
0.001000
0.001000
0.001000
0.001000
0.001000
0.001000
0.029947
0.001000
0.001000
0.001000
0.001000
0.001000
0.001000
0.001000
0.027392
0.026857
0.001000
0.001000
0.001000
0.001000
0.001000
0.001000
0.025929
0.001000
0.001000
0.001000
0.001000
0.001000
0.001000
0.001000
0.001000
0.001000
0.001000
0.001000
0.031107
0.001000
0.001000
0.001000
0.001000
0.001000
0.001000
0.028978
0.001000
0.001000
0.001000
0.001000
0.001000
0.001000
0.001000
0.001000
0.001000
0.001000
0.001000
0.001000
0.001000
0.001000
0.001000
0.001000
0.001000
0.001000
0.001000
0.001000
0.001000
0.001000
0.001000
0.001000
0.001000
0.001000
0.001000
0.001000
0.001000
0.001000
0.001000
0.001000
0.001000
0.031828
0.001000
0.001000
0.001000
0.001000
0.001000
0.001000
0.001000
0.001000
0.001000
0.001000
0.001000
0.001000
0.001000
0.001000
0.001000
0.001000
0.001000
0.001000
0.001000
0.001000
0.027554
0.030303
0.029065
0.028337
0.001000
0.001000
0.001000
0.001000
0.001000
0.001000
0.001000
0.028614
0.029202
0.001000
0.001000
0.001000
0.001000
0.001000
0.001000
0.001000
0.001000
0.001000
0.001000
0.001000
0.001000
0.001000
0.001000
0.001000
0.001000
0.001000
0.001000
0.001000
0.001000
0.001000
0.001000
0.001000
0.001000
0.001000
0.001000
0.001000
0.026208
0.001000
0.032281
0.001000
0.031817
0.001000
0.031011
0.001000
0.026445
0.031609
0.001000
0.028924
0.031262
0.032231
0.001000
0.001000
0.026674
0.001000
0.030790
0.001000
0.001000
0.001000
0.001000
0.001000
0.001000
0.001000
0.001000
0.030139
0.001000
0.001000
0.001000
0.001000
0.028106
0.001000
0.001000
0.001000
0.001000
0.001000
0.001000
0.001000
0.001000
0.001000
0.001000
0.001000
0.001000
0.028208
0.001000
0.001000
0.001000
0.001000
0.001000
0.001000
0.001000
0.001000
0.001000
0.001000
0.001000
0.001000
0.001000
0.001000
0.001000
0.001000
0.001000
0.001000
0.001000
0.029956
0.029768
0.001000
0.001000
0.001000
0.001000
0.001000
0.001000
0.029261
0.001000
0.027672
0.001000
0.001000
0.026723
0.001000
0.027003
0.001000
0.001000
0.001000
0.001000
0.001000
0.001000
0.001000
0.001000
0.001000
0.001000
0.001000
0.001000
0.001000
0.001000
0.001000
0.001000
0.001000
0.001000
0.001000
0.001000
0.001000
0.001000
0.001000
0.001000
0.001000
0.001000
0.031365
0.026791
0.025343
0.001000
0.028870
0.001000
0.001000
0.001000
0.001000
0.001000
0.001000
0.001000
0.001000
0.001000
0.001000
0.001000
0.001000
0.001000
0.001000
0.001000
0.001000
0.001000
0.001000
0.001000
0.001000
0.001000
0.001000
0.001000
0.001000
0.028399
0.001000
0.026434
0.028916
0.027737
0.001000
0.026605
0.001000
0.001000
0.001000
0.001000
0.001000
0.030202
0.027007
0.001000
0.001000
0.001000
0.001000
0.001000
0.001000
0.001000
0.001000
0.001000
0.001000
0.001000
0.001000
0.001000
0.001000
0.001000
0.001000
0.001000
0.001000
0.001000
0.001000
0.001000
0.029479
0.001000
0.029774
0.001000
0.001000
0.027541
0.001000
0.001000
0.028380
0.001000
0.001000
0.001000
0.001000
0.001000
0.001000
0.001000
0.001000
0.001000
0.001000
0.001000
0.001000
0.001000
0.001000
0.001000
0.001000
0.001000
0.001000
0.026667
0.027104
0.001000
0.001000
0.001000
0.001000
0.001000
0.001000
0.001000
0.001000
0.001000
0.001000
0.001000
0.001000
0.001000
0.001000
0.001000
0.001000
0.001000
0.026268
0.001000
0.001000
0.001000
0.001000
0.001000
0.001000
0.001000
0.029368
0.001000
0.001000
0.001000
0.001000
0.001000
0.001000
0.001000
0.001000
0.001000
0.001000
0.001000
0.001000
0.001000
0.001000
0.001000
0.001000
0.001000
0.001000
0.029911
0.001000
0.001000
0.001000
0.001000
0.001000
0.001000
0.001000
0.001000
0.001000
0.001000
0.001000
0.001000
0.029150
0.001000
0.001000
0.001000
0.001000
0.001000
0.001000
0.001000
0.001000
0.001000
0.001000
0.001000
0.001000
0.001000
0.001000
0.030583
0.001000
0.031142
0.001000
0.001000
0.001000
0.001000
0.001000
0.001000
0.001000
0.001000
0.032829
0.001000
0.001000
0.001000
0.001000
0.001000
0.030348
0.001000
0.001000
0.001000
0.001000
0.001000
0.001000
0.001000
0.001000
0.001000
0.001000
0.001000
0.001000
0.001000
0.001000
0.001000
0.001000
0.001000
0.001000
0.001000
0.025832
0.001000
0.001000
0.001000
0.001000
0.001000
0.001000
0.001000
0.029846
0.001000
0.001000
0.001000
0.001000
0.001000
0.001000
0.001000
0.001000
0.001000
0.001000
0.001000
0.001000
0.001000
0.029912
0.001000
0.001000
0.001000
0.001000
0.001000
0.001000
0.001000
0.001000
0.001000
0.001000
0.001000
0.001000
0.001000
0.001000
0.001000
0.001000
0.001000
0.001000
0.001000
0.001000
0.001000
0.001000
0.001000
0.001000
0.027013
0.001000
0.028518
0.030044
0.001000
0.001000
0.001000
0.001000
0.001000
0.001000
0.001000
0.001000
0.001000
0.001000
0.001000
0.001000
0.001000
0.027492
0.001000
0.001000
0.001000
0.001000
0.001000
0.001000
0.001000
0.001000
0.001000
0.001000
0.001000
0.001000
0.001000
0.001000
0.001000
0.001000
0.001000
0.032234
0.001000
0.001000
0.001000
0.001000
0.001000
0.001000
0.001000
0.001000
0.001000
0.001000
0.001000
0.001000
0.001000
0.001000
0.001000
0.001000
0.001000
0.001000
0.001000
0.001000
0.001000
0.001000
0.001000
0.001000
0.001000
0.001000
0.001000
0.001000
0.001000
0.001000
0.001000
0.001000
0.001000
0.001000
0.001000
0.001000
0.001000
0.001000
0.001000
0.001000
0.029750
0.001000
0.001000
0.001000
0.001000
0.001000
0.001000
0.001000
0.001000
0.001000
0.001000
0.001000
0.001000
0.001000
0.001000
0.001000
0.001000
0.001000
0.001000
0.027251
0.025659
0.001000
0.032756
0.001000
0.001000
0.001000
0.001000
0.001000
0.001000
0.001000
0.001000
0.027331
0.001000
0.001000
0.001000
0.001000
0.001000
0.001000
0.001000
0.001000
0.001000
0.001000
0.001000
0.001000
0.001000
0.031719
0.001000
0.001000
0.001000
0.001000
0.001000
0.001000
0.001000
0.028908
0.001000
0.001000
0.001000
0.001000
0.001000
0.001000
0.001000
0.001000
0.001000
0.001000
0.001000
0.001000
0.001000
0.001000
0.001000
0.001000
0.001000
0.001000
0.001000
0.026158
0.001000
0.001000
0.027843
0.001000
0.001000
0.001000
0.001000
0.025281
0.001000
0.001000
0.001000
0.001000
0.001000
0.001000
0.001000
0.001000
0.001000
0.001000
0.001000
0.001000
0.001000
0.027915
0.001000
0.001000
0.001000
0.025321
0.028857
0.001000
0.001000
0.001000
0.029032
0.029485
0.001000
0.001000
0.001000
0.001000
0.001000
0.001000
0.001000
0.001000
0.001000
0.001000
0.001000
0.001000
0.001000
0.027344
0.001000
0.001000
0.001000
0.001000
0.001000
0.001000
0.001000
0.001000
0.001000
0.001000
0.001000
0.001000
0.001000
0.001000
0.001000
0.001000
0.001000
0.001000
0.001000
0.028459
0.001000
0.030349
0.001000
0.001000
0.001000
0.001000
0.001000
0.001000
0.001000
0.001000
0.001000
0.001000
0.001000
0.001000
0.001000
0.001000
0.001000
0.001000
0.001000
0.001000
0.001000
0.001000
0.031338
0.001000
0.001000
0.001000
0.001000
0.001000
0.001000
0.001000
0.001000
0.028169
0.001000
0.001000
0.001000
0.001000
0.001000
0.001000
0.001000
0.001000
0.001000
0.027151
0.001000
0.001000
0.001000
0.001000
0.001000
0.001000
0.001000
0.001000
0.001000
0.001000
0.001000
0.001000
0.028554
0.001000
0.001000
0.001000
0.001000
0.001000
0.001000
0.001000
0.001000
0.001000
0.001000
0.001000
0.001000
0.001000
0.001000
0.001000
0.001000
0.001000
0.001000
0.001000
0.001000
0.025303
0.027355
0.001000
0.001000
0.001000
0.028522
0.001000
0.001000
0.001000
0.001000
0.001000
0.001000
0.001000
0.001000
0.001000
0.001000
0.001000
0.001000
0.001000
0.001000
0.001000
0.001000
0.001000
0.001000
0.001000
0.001000
0.001000
0.001000
0.001000
0.001000
0.001000
0.001000
0.001000
0.001000
0.001000
0.001000
0.001000
0.001000
0.001000
0.001000
0.001000
0.001000
0.001000
0.001000
0.001000
0.001000
0.001000
0.001000
0.001000
0.001000
0.001000
0.001000
0.001000
0.001000
0.001000
0.001000
0.001000
0.001000
0.001000
0.001000
0.001000
0.001000
0.001000
0.001000
0.001000
0.001000
0.001000
0.001000
0.025191
0.001000
0.001000
0.001000
0.001000
0.001000
0.001000
0.001000
0.001000
0.001000
0.001000
0.001000
0.001000
0.001000
0.001000
0.031149
0.028683
0.001000
0.001000
0.001000
0.001000
0.001000
0.001000
0.001000
0.001000
0.001000
0.001000
0.001000
0.030232
0.001000
0.026697
0.001000
0.001000
0.001000
0.001000
0.001000
0.001000
0.001000
0.001000
0.001000
0.001000
0.001000
0.001000
0.001000
0.001000
0.001000
0.001000
0.001000
0.001000
0.001000
0.001000
0.001000
0.001000
0.001000
0.001000
0.001000
0.001000
0.029933
0.001000
0.001000
0.001000
0.001000
0.001000
0.001000
0.001000
0.001000
0.029816
0.001000
0.001000
0.031779
0.001000
0.001000
0.001000
0.001000
0.001000
0.001000
0.001000
0.001000
0.001000
0.001000
0.001000
0.001000
0.001000
0.001000
0.001000
0.001000
0.001000
0.001000
0.001000
0.001000
0.001000
0.026119
0.001000
0.001000
0.001000
0.029064
0.001000
0.001000
0.001000
0.001000
0.001000
0.001000
0.001000
0.001000
0.001000
0.001000
0.029050
0.001000
0.001000
0.001000
0.001000
0.001000
0.001000
0.001000
0.001000
0.001000
0.001000
0.001000
0.001000
0.001000
0.001000
0.001000
0.001000
0.001000
0.001000
0.001000
0.001000
0.001000
0.001000
0.001000
0.001000
0.001000
0.001000
0.028957
0.029531
0.001000
0.001000
0.001000
0.001000
0.001000
0.001000
0.001000
0.001000
0.001000
0.001000
0.001000
0.001000
0.001000
0.001000
0.001000
0.028276
0.001000
0.001000
0.026049
0.001000
0.001000
0.001000
0.001000
0.001000
0.001000
0.001000
0.001000
0.001000
0.026958
0.001000
0.001000
0.001000
0.001000
0.001000
0.001000
0.001000
0.001000
0.001000
0.001000
0.001000
0.001000
0.001000
0.001000
0.001000
0.001000
0.001000
0.001000
0.001000
0.001000
0.001000
0.001000
0.030177
0.029021
0.001000
0.001000
0.001000
0.001000
0.001000
0.001000
0.031313
0.001000
0.001000
0.001000
0.001000
0.001000
0.001000
0.001000
0.001000
0.001000
0.001000
0.001000
0.001000
0.001000
0.001000
0.001000
0.001000
0.001000
0.001000
0.001000
0.001000
0.029824
0.001000
0.001000
0.001000
0.001000
0.001000
0.001000
0.001000
0.027180
0.001000
0.001000
0.001000
0.001000
0.001000
0.001000
0.001000
0.001000
0.001000
0.001000
0.001000
0.001000
0.001000
0.001000
0.001000
0.001000
0.001000
0.001000
0.001000
0.001000
0.001000
0.001000
0.001000
0.001000
0.001000
0.001000
0.001000
0.001000
0.001000
0.001000
0.001000
0.030237
0.001000
0.001000
0.001000
0.001000
0.001000
0.001000
0.001000
0.001000
0.001000
0.001000
0.029130
0.001000
0.001000
0.001000
0.001000
0.001000
0.001000
0.001000
0.001000
0.001000
0.001000
0.001000
0.001000
0.001000
0.001000
0.001000
0.001000
0.001000
0.001000
0.001000
0.001000
0.001000
0.001000
0.001000
0.001000
0.001000
0.029137
0.001000
0.001000
0.001000
0.001000
0.001000
0.001000
0.001000
0.001000
0.001000
0.001000
0.001000
0.001000
0.001000
0.032052
0.001000
0.001000
0.001000
0.001000
0.001000
0.001000
0.001000
0.001000
0.001000
0.001000
0.001000
0.001000
0.001000
0.001000
0.001000
0.001000
0.001000
0.001000
0.001000
0.029305
0.001000
0.001000
0.001000
0.001000
0.001000
0.001000
0.001000
0.001000
0.001000
0.001000
0.001000
0.001000
0.001000
0.001000
0.001000
0.001000
0.001000
0.001000
0.001000
0.001000
0.001000
0.001000
0.001000
0.001000
0.001000
0.001000
0.025058
0.001000
0.001000
0.001000
0.001000
0.001000
0.001000
0.030436
0.001000
0.001000
0.001000
0.001000
0.001000
0.001000
0.001000
0.001000
0.001000
0.001000
0.001000
0.001000
0.001000
0.001000
0.001000
0.001000
0.001000
0.001000
0.031576
0.001000
0.001000
0.001000
0.001000
0.001000
0.001000
0.001000
0.001000
0.001000
0.001000
0.001000
0.001000
0.001000
0.001000
0.014276
0.001000
0.001000
0.001000
0.001000
0.001000
0.001000
0.001000
0.001000
0.001000
0.001000
0.029751
0.001000
0.001000
0.001000
0.001000
0.001000
0.001000
0.001000
0.001000
0.001000
0.001000
0.024640
0.001000
0.001000
0.001000
0.001000
0.001000
0.001000
0.001000
0.001000
0.001000
0.001000
0.001000
0.001000
0.001000
0.001000
0.001000
0.001000
0.026775
0.001000
0.001000
0.001000
0.001000
0.001000
0.001000
0.001000
0.001000
0.001000
0.028559
0.001000
0.027788
0.001000
0.028661
0.027958
0.001000
0.001000
0.001000
0.001000
0.001000
0.001000
0.001000
0.001000
0.001000
0.001000
0.001000
0.001000
0.001000
0.001000
0.001000
0.001000
0.001000
0.001000
0.001000
0.001000
0.001000
0.001000
0.001000
0.001000
0.001000
0.001000
0.001000
0.001000
0.001000
0.001000
0.028069
0.001000
0.001000
0.032430
0.001000
0.001000
0.001000
0.001000
0.001000
0.001000
0.001000
0.001000
0.001000
0.001000
0.001000
0.001000
0.001000
0.001000
0.032595
0.001000
0.001000
0.001000
0.031502
0.001000
0.001000
0.001000
0.001000
0.001000
0.001000
0.001000
0.001000
0.001000
0.001000
0.001000
0.001000
0.001000
0.001000
0.032524
0.001000
0.001000
0.001000
0.001000
0.001000
0.001000
0.029478
0.029294
0.025575
0.001000
0.027056
0.001000
0.001000
0.026068
0.029576
0.001000
0.001000
0.001000
0.001000
0.028189
0.028909
0.001000
0.032024
0.001000
0.001000
0.001000
0.001000
0.030922
0.001000
0.001000
0.029778
0.001000
0.001000
0.001000
0.001000
0.001000
0.001000
0.001000
0.001000
0.001000
0.001000
0.028249
0.001000
0.026206
0.001000
0.027247
0.001000
0.001000
0.001000
0.001000
0.001000
0.029026
0.029631
0.028797
0.001000
0.001000
0.001000
0.001000
0.001000
0.001000
0.001000
0.001000
0.025288
0.031723
0.001000
0.029168
0.001000
0.001000
0.001000
0.001000
0.001000
0.001000
0.001000
0.001000
0.001000
0.001000
0.001000
0.001000
0.001000
0.001000
0.001000
0.001000
0.001000
0.001000
0.030976
0.001000
0.001000
0.001000
0.001000
0.001000
0.001000
0.001000
0.001000
0.001000
0.001000
0.001000
0.001000
0.001000
0.001000
0.001000
0.001000
0.001000
0.001000
0.001000
0.001000
0.001000
0.001000
0.001000
0.001000
0.001000
0.001000
0.001000
0.001000
0.001000
0.001000
0.001000
0.001000
0.001000
0.001000
0.001000
0.001000
0.001000
0.028846
0.001000
0.001000
0.001000
0.001000
0.001000
0.001000
0.001000
0.001000
0.001000
0.001000
0.001000
0.001000
0.001000
0.030116
0.001000
0.001000
0.001000
0.029079
0.025731
0.001000
0.001000
0.001000
0.001000
0.001000
0.001000
0.001000
0.001000
0.001000
0.001000
0.001000
0.001000
0.001000
0.001000
0.001000
0.001000
0.030197
0.001000
0.001000
0.001000
0.001000
0.001000
0.001000
0.001000
0.001000
0.001000
0.001000
0.001000
0.001000
0.001000
0.001000
0.001000
0.001000
0.001000
0.001000
0.026375
0.001000
0.001000
0.001000
0.001000
0.001000
0.001000
0.026159
0.029825
0.024700
0.001000
0.001000
0.001000
0.001000
0.001000
0.001000
0.001000
0.001000
0.001000
0.001000
0.001000
0.001000
0.001000
0.001000
0.001000
0.001000
0.001000
0.001000
0.001000
0.001000
0.001000
0.029344
0.001000
0.001000
0.001000
0.027841
0.001000
0.001000
0.001000
0.001000
0.001000
0.001000
0.001000
0.030114
0.026850
0.031779
0.029671
0.027822
0.001000
0.001000
0.001000
0.001000
0.001000
0.001000
0.001000
0.001000
0.001000
0.001000
0.001000
0.001000
0.001000
0.001000
0.001000
0.001000
0.001000
0.001000
0.001000
0.001000
0.001000
0.001000
0.001000
0.001000
0.001000
0.001000
0.024556
0.001000
0.001000
0.001000
0.001000
0.001000
0.001000
0.001000
0.001000
0.001000
0.001000
0.001000
0.001000
0.001000
0.001000
0.001000
0.001000
0.001000
0.001000
0.001000
0.001000
0.001000
0.001000
0.001000
0.001000
0.001000
0.001000
0.001000
0.001000
0.001000
0.001000
0.001000
0.001000
0.001000
0.001000
0.001000
0.001000
0.001000
0.001000
0.001000
0.001000
0.001000
0.001000
0.001000
0.001000
0.001000
0.001000
0.001000
0.001000
0.029793
0.001000
0.001000
0.001000
0.001000
0.001000
0.001000
0.001000
0.001000
0.001000
0.001000
0.001000
0.028450
0.001000
0.001000
0.001000
0.001000
0.001000
0.001000
0.001000
0.028876
0.001000
0.001000
0.001000
0.001000
0.001000
0.001000
0.001000
0.001000
0.001000
0.001000
0.001000
0.001000
0.001000
0.027875
0.001000
0.001000
0.001000
0.001000
0.001000
0.001000
0.001000
0.001000
0.001000
0.001000
0.001000
0.001000
0.001000
0.001000
0.026138
0.001000
0.001000
0.001000
0.001000
0.001000
0.001000
0.029176
0.030716
0.001000
0.001000
0.001000
0.001000
0.001000
0.001000
0.028770
0.001000
0.001000
0.001000
0.001000
0.026694
0.001000
0.025601
0.001000
0.001000
0.001000
0.001000
0.001000
0.001000
0.001000
0.001000
0.001000
0.001000
0.001000
0.029593
0.001000
0.001000
0.001000
0.001000
0.001000
0.001000
0.001000
0.001000
0.001000
0.001000
0.001000
0.001000
0.001000
0.001000
0.001000
0.001000
0.001000
0.001000
0.001000
0.001000
0.001000
0.001000
0.001000
0.001000
0.001000
0.001000
0.001000
0.026887
0.001000
0.001000
0.001000
0.028654
0.001000
0.001000
0.001000
0.001000
0.001000
0.001000
0.001000
0.001000
0.001000
0.001000
0.025640
0.001000
0.001000
0.001000
0.001000
0.025516
0.001000
0.001000
0.001000
0.001000
0.001000
0.001000
0.001000
0.001000
0.001000
0.001000
0.001000
0.001000
0.030215
0.001000
0.030484
0.001000
0.001000
0.001000
0.001000
0.001000
0.001000
0.001000
0.001000
0.001000
0.001000
0.001000
0.001000
0.001000
0.001000
0.001000
0.001000
0.001000
0.001000
0.001000
0.001000
0.001000
0.001000
0.001000
0.001000
0.001000
0.001000
0.001000
0.001000
0.001000
0.001000
0.029301
0.001000
0.001000
0.001000
0.001000
0.001000
0.001000
0.001000
0.001000
0.001000
0.001000
0.001000
0.001000
0.001000
0.001000
0.001000
0.001000
0.001000
0.001000
0.001000
0.001000
0.001000
0.001000
0.001000
0.001000
0.001000
0.001000
0.001000
0.001000
0.001000
0.001000
0.001000
0.001000
0.001000
0.001000
0.001000
0.001000
0.001000
0.001000
0.001000
0.001000
0.001000
0.001000
0.001000
0.001000
0.001000
0.001000
0.001000
0.001000
0.001000
0.001000
0.001000
0.001000
0.001000
0.001000
0.001000
0.001000
0.001000
0.001000
0.001000
0.001000
0.001000
0.001000
0.001000
0.001000
0.001000
0.001000
0.001000
0.001000
0.001000
0.001000
0.001000
0.001000
0.001000
0.001000
0.001000
0.001000
0.001000
0.001000
0.001000
0.001000
0.027945
0.001000
0.001000
0.001000
0.001000
0.001000
0.001000
0.001000
0.001000
0.001000
0.001000
0.030902
0.001000
0.001000
0.001000
0.001000
0.001000
0.001000
0.001000
0.001000
0.001000
0.001000
0.001000
0.001000
0.001000
0.001000
0.001000
0.001000
0.001000
0.001000
0.001000
0.001000
0.001000
0.001000
0.001000
0.001000
0.001000
0.026336
0.001000
0.001000
0.001000
0.001000
0.001000
0.030026
0.001000
0.001000
0.001000
0.001000
0.001000
0.001000
0.001000
0.001000
0.001000
0.001000
0.001000
0.001000
0.001000
0.001000
0.001000
0.001000
0.001000
0.001000
0.001000
0.001000
0.001000
0.027797
0.001000
0.001000
0.001000
0.001000
0.001000
0.001000
0.001000
0.001000
0.001000
0.001000
0.001000
0.001000
0.001000
0.001000
0.001000
0.001000
0.001000
0.027655
0.025495
0.001000
0.001000
0.001000
0.001000
0.001000
0.027473
0.001000
0.001000
0.001000
0.001000
0.001000
0.001000
0.001000
0.001000
0.001000
0.001000
0.001000
0.026192
0.001000
0.001000
0.001000
0.001000
0.025113
0.001000
0.001000
0.001000
0.001000
0.001000
0.001000
0.001000
0.001000
0.001000
0.001000
0.001000
0.001000
0.001000
0.001000
0.001000
0.001000
0.001000
0.001000
0.001000
0.001000
0.001000
0.001000
0.001000
0.001000
0.001000
0.001000
0.001000
0.001000
0.001000
0.001000
0.001000
0.001000
0.001000
0.001000
0.001000
0.001000
0.001000
0.001000
0.001000
0.001000
0.001000
0.001000
0.001000
0.001000
0.001000
0.001000
0.001000
0.025268
0.001000
0.001000
0.001000
0.001000
0.001000
0.001000
0.001000
0.001000
0.001000
0.028493
0.001000
0.001000
0.001000
0.001000
0.001000
0.026424
0.001000
0.001000
0.001000
0.001000
0.001000
0.028296
0.001000
0.001000
0.001000
0.001000
0.001000
0.001000
0.001000
0.001000
0.001000
0.001000
0.001000
0.001000
0.001000
0.001000
0.001000
0.001000
0.001000
0.030819
0.001000
0.001000
0.001000
0.001000
0.001000
0.001000
0.001000
0.029140
0.001000
0.032333
0.028904
0.001000
0.029764
0.001000
0.001000
0.001000
0.028244
0.001000
0.001000
0.001000
0.001000
0.001000
0.001000
0.001000
0.001000
0.001000
0.001000
0.001000
0.001000
0.001000
0.001000
0.001000
0.001000
0.001000
0.001000
0.001000
0.001000
0.029513
0.001000
0.001000
0.001000
0.028097
0.001000
0.026619
0.001000
0.001000
0.001000
0.001000
0.001000
0.001000
0.001000
0.001000
0.001000
0.001000
0.026430
0.029597
0.001000
0.001000
0.001000
0.001000
0.001000
0.001000
0.001000
0.001000
0.001000
0.001000
0.001000
0.001000
0.001000
0.001000
0.001000
0.001000
0.001000
0.001000
0.001000
0.001000
0.001000
0.001000
0.001000
0.001000
0.001000
0.001000
0.001000
0.001000
0.001000
0.001000
0.001000
0.001000
0.001000
0.001000
0.001000
0.027668
0.001000
0.001000
0.001000
0.001000
0.001000
0.001000
0.001000
0.001000
0.028674
0.031231
0.001000
0.027230
0.028841
0.031700
0.029140
0.001000
0.001000
0.001000
0.001000
0.001000
0.001000
0.001000
0.029753
0.001000
0.031936
0.001000
0.001000
0.001000
0.001000
0.001000
0.001000
0.001000
0.001000
0.001000
0.001000
0.001000
0.030579
0.001000
0.001000
0.001000
0.001000
0.030785
0.029504
0.001000
0.001000
0.030882
0.001000
0.001000
0.001000
0.001000
0.001000
0.001000
0.001000
0.001000
0.001000
0.001000
0.001000
0.001000
0.001000
0.001000
0.001000
0.001000
0.001000
0.001000
0.001000
0.001000
0.001000
0.001000
0.001000
0.001000
0.001000
0.001000
0.001000
0.001000
0.001000
0.001000
0.001000
0.001000
0.001000
0.001000
0.001000
0.001000
0.001000
0.001000
0.001000
0.001000
0.030252
0.001000
0.001000
0.001000
0.001000
0.028830
0.025537
0.001000
0.001000
0.001000
0.001000
0.001000
0.001000
0.001000
0.001000
0.001000
0.001000
0.001000
0.001000
0.027213
0.001000
0.001000
0.001000
0.001000
0.001000
0.001000
0.001000
0.001000
0.001000
0.001000
0.001000
0.001000
0.001000
0.001000
0.001000
0.001000
0.001000
0.001000
0.001000
0.028593
0.001000
0.001000
0.001000
0.001000
0.001000
0.001000
0.001000
0.001000
0.001000
0.001000
0.001000
0.001000
0.001000
0.001000
0.001000
0.001000
0.001000
0.001000
0.001000
0.001000
0.001000
0.001000
0.001000
0.001000
0.001000
0.001000
0.001000
0.001000
0.001000
0.001000
0.001000
0.001000
0.001000
0.001000
0.001000
0.001000
0.030845
0.001000
0.001000
0.001000
0.029016
0.001000
0.001000
0.001000
0.001000
0.001000
0.001000
0.001000
0.001000
0.001000
0.001000
0.001000
0.029529
0.031681
0.001000
0.001000
0.001000
0.001000
0.001000
0.001000
0.001000
0.001000
0.001000
0.001000
0.001000
0.001000
0.001000
0.001000
0.001000
0.001000
0.001000
0.001000
0.001000
0.001000
0.001000
0.001000
0.001000
0.001000
0.001000
0.001000
0.001000
0.001000
0.001000
0.001000
0.001000
0.001000
0.001000
0.001000
0.001000
0.001000
0.001000
0.001000
0.001000
0.001000
0.001000
0.001000
0.001000
0.001000
0.001000
0.001000
0.001000
0.001000
0.001000
0.001000
0.001000
0.001000
0.001000
0.001000
0.001000
0.001000
0.001000
0.001000
0.001000
0.001000
0.001000
0.001000
0.001000
0.001000
0.001000
0.001000
0.001000
0.001000
0.001000
0.028743
0.001000
0.001000
0.001000
0.001000
0.001000
0.001000
0.001000
0.029380
0.001000
0.001000
0.001000
0.001000
0.001000
0.026049
0.001000
0.001000
0.001000
0.001000
0.001000
0.001000
0.001000
0.001000
0.028405
0.001000
0.001000
0.001000
0.001000
0.001000
0.001000
0.001000
0.001000
0.001000
0.001000
0.001000
0.001000
0.001000
0.001000
0.001000
0.001000
0.001000
0.001000
0.001000
0.001000
0.001000
0.001000
0.001000
0.001000
0.001000
0.001000
0.001000
0.001000
0.001000
0.027593
0.001000
0.030137
0.001000
0.001000
0.001000
0.027309
0.001000
0.001000
0.001000
0.001000
0.001000
0.001000
0.001000
0.001000
0.001000
0.001000
0.001000
0.001000
0.001000
0.001000
0.001000
0.027159
0.001000
0.027354
0.001000
0.001000
0.001000
0.001000
0.001000
0.001000
0.001000
0.001000
0.001000
0.001000
0.001000
0.001000
0.001000
0.001000
0.001000
0.001000
0.001000
0.001000
0.001000
0.001000
0.001000
0.001000
0.001000
0.001000
0.001000
0.001000
0.001000
0.001000
0.001000
0.001000
0.001000
0.001000
0.001000
0.001000
0.001000
0.001000
0.001000
0.001000
0.001000
0.001000
0.001000
0.001000
0.001000
0.001000
0.001000
0.001000
0.001000
0.001000
0.001000
0.001000
0.001000
0.001000
0.001000
0.001000
0.001000
0.001000
0.001000
0.001000
0.001000
0.001000
0.001000
0.001000
0.001000
0.001000
0.001000
0.001000
0.001000
0.001000
0.001000
0.001000
0.001000
0.028107
0.001000
0.030938
0.027893
0.029452
0.001000
0.001000
0.001000
0.001000
0.001000
0.001000
0.001000
0.001000
0.001000
0.001000
0.001000
0.001000
0.026503
0.027559
0.001000
0.001000
0.001000
0.001000
0.001000
0.001000
0.001000
0.001000
0.001000
0.001000
0.001000
0.001000
0.001000
0.001000
0.001000
0.001000
0.001000
0.001000
0.001000
0.001000
0.001000
0.001000
0.001000
0.001000
0.001000
0.001000
0.001000
0.001000
0.001000
0.001000
0.001000
0.001000
0.001000
0.001000
0.029808
0.026923
0.001000
0.001000
0.001000
0.001000
0.031515
0.001000
0.001000
0.001000
0.001000
0.001000
0.001000
0.001000
0.001000
0.001000
0.001000
0.001000
0.001000
0.001000
0.001000
0.001000
0.001000
0.001000
0.001000
0.001000
0.001000
0.001000
0.001000
0.001000
0.001000
0.001000
0.001000
0.001000
0.001000
0.001000
0.001000
0.001000
0.001000
0.001000
0.001000
0.001000
0.001000
0.001000
0.001000
0.001000
0.001000
0.001000
0.001000
0.001000
0.001000
0.001000
0.001000
0.001000
0.001000
0.001000
0.001000
0.027708
0.001000
0.001000
0.001000
0.001000
0.001000
0.001000
0.001000
0.001000
0.001000
0.001000
0.001000
0.001000
0.001000
0.001000
0.001000
0.001000
0.001000
0.001000
0.001000
0.001000
0.001000
0.001000
0.001000
0.001000
0.001000
0.001000
0.001000
0.001000
0.001000
0.001000
0.031260
0.001000
0.029138
0.001000
0.027646
0.001000
0.030892
0.001000
0.001000
0.001000
0.001000
0.001000
0.001000
0.001000
0.031916
0.001000
0.001000
0.001000
0.001000
0.001000
0.001000
0.001000
0.001000
0.001000
0.001000
0.001000
0.001000
0.001000
0.026915
0.001000
0.001000
0.001000
0.001000
0.001000
0.028498
0.001000
0.001000
0.001000
0.001000
0.001000
0.001000
0.001000
0.001000
0.001000
0.001000
0.001000
0.026334
0.031399
0.001000
0.001000
0.029178
0.001000
0.001000
0.001000
0.001000
0.001000
0.001000
0.001000
0.001000
0.001000
0.001000
0.001000
0.001000
0.001000
0.001000
0.001000
0.001000
0.001000
0.001000
0.001000
0.027129
0.001000
0.031303
0.001000
0.001000
0.001000
0.029507
0.028522
0.028419
0.026763
0.001000
0.001000
0.001000
0.001000
0.001000
0.001000
0.001000
0.001000
0.001000
0.001000
0.001000
0.001000
0.001000
0.001000
0.001000
0.001000
0.001000
0.001000
0.001000
0.001000
0.001000
0.001000
0.001000
0.001000
0.001000
0.025140
0.001000
0.001000
0.001000
0.001000
0.001000
0.027953
0.001000
0.026565
0.026786
0.001000
0.001000
0.001000
0.001000
0.001000
0.001000
0.001000
0.001000
0.001000
0.001000
0.001000
0.001000
0.001000
0.001000
0.001000
0.001000
0.001000
0.001000
0.001000
0.001000
0.001000
0.001000
0.001000
0.001000
0.001000
0.001000
0.001000
0.001000
0.001000
0.001000
0.028177
0.030095
0.001000
0.001000
0.001000
0.001000
0.001000
0.001000
0.001000
0.001000
0.001000
0.001000
0.001000
0.001000
0.001000
0.001000
0.001000
0.001000
0.001000
0.001000
0.001000
0.001000
0.001000
0.001000
0.001000
0.001000
0.001000
0.001000
0.001000
0.001000
0.001000
0.001000
0.001000
0.001000
0.001000
0.001000
0.001000
0.001000
0.027903
0.001000
0.001000
0.001000
0.001000
0.001000
0.001000
0.001000
0.001000
0.001000
0.001000
0.027459
0.001000
0.001000
0.001000
0.029188
0.001000
0.001000
0.001000
0.001000
0.001000
0.001000
0.001000
0.001000
0.001000
0.001000
0.001000
0.001000
0.001000
0.001000
0.001000
0.001000
0.001000
0.001000
0.001000
0.001000
0.001000
0.001000
0.031911
0.001000
0.001000
0.001000
0.001000
0.001000
0.001000
0.001000
0.001000
0.001000
0.025638
0.001000
0.001000
0.001000
0.001000
0.001000
0.001000
0.030490
0.001000
0.001000
0.001000
0.001000
0.001000
0.001000
0.001000
0.001000
0.001000
0.001000
0.029995
0.001000
0.001000
0.001000
0.001000
0.001000
0.001000
0.001000
0.001000
0.001000
0.001000
0.001000
0.001000
0.001000
0.001000
0.001000
0.001000
0.001000
0.001000
0.030035
0.028553
0.001000
0.001000
0.001000
0.001000
0.001000
0.001000
0.001000
0.001000
0.001000
0.001000
0.001000
0.001000
0.001000
0.001000
0.001000
0.001000
0.001000
0.001000
0.001000
0.001000
0.001000
0.001000
0.001000
0.001000
0.001000
0.001000
0.001000
0.001000
0.001000
0.001000
0.001000
0.001000
0.001000
0.001000
0.001000
0.001000
0.001000
0.001000
0.001000
0.001000
0.001000
0.001000
0.001000
0.026628
0.001000
0.001000
0.025620
0.026937
0.031842
0.001000
0.001000
0.001000
0.001000
0.001000
0.001000
0.001000
0.001000
0.001000
0.001000
0.001000
0.001000
0.001000
0.001000
0.001000
0.001000
0.001000
0.001000
0.001000
0.001000
0.001000
0.001000
0.027060
0.001000
0.001000
0.029253
0.027986
0.028327
0.030177
0.001000
0.001000
0.001000
0.001000
0.029383
0.001000
0.029542
0.001000
0.001000
0.001000
0.001000
0.001000
0.001000
0.001000
0.001000
0.001000
0.001000
0.001000
0.027297
0.001000
0.001000
0.001000
0.001000
0.001000
0.001000
0.001000
0.001000
0.001000
0.029294
0.029425
0.001000
0.001000
0.001000
0.001000
0.001000
0.001000
0.001000
0.026310
0.001000
0.001000
0.001000
0.001000
0.001000
0.001000
0.027827
0.028094
0.001000
0.001000
0.001000
0.001000
0.001000
0.001000
0.001000
0.001000
0.001000
0.001000
0.001000
0.001000
0.001000
0.001000
0.001000
0.001000
0.001000
0.028387
0.001000
0.001000
0.001000
0.001000
0.001000
0.001000
0.001000
0.001000
0.001000
0.001000
0.001000
0.001000
0.001000
0.001000
0.025477
0.001000
0.001000
0.001000
0.001000
0.001000
0.001000
0.001000
0.001000
0.001000
0.001000
0.001000
0.024933
0.001000
0.001000
0.001000
0.001000
0.001000
0.001000
0.001000
0.001000
0.001000
0.001000
0.001000
0.001000
0.001000
0.028758
0.026910
0.028925
0.001000
0.001000
0.001000
0.001000
0.001000
0.001000
0.001000
0.001000
0.029968
0.001000
0.001000
0.001000
0.001000
0.001000
0.001000
0.001000
0.001000
0.028908
0.001000
0.001000
0.001000
0.001000
0.001000
0.001000
0.001000
0.001000
0.001000
0.001000
0.001000
0.001000
0.001000
0.029771
0.001000
0.001000
0.001000
0.001000
0.001000
0.001000
0.001000
0.001000
0.001000
0.001000
0.001000
0.001000
0.001000
0.001000
0.001000
0.001000
0.001000
0.001000
0.001000
0.001000
0.001000
0.001000
0.001000
0.001000
0.001000
0.001000
0.001000
0.001000
0.001000
0.001000
0.001000
0.001000
0.001000
0.001000
0.001000
0.001000
0.001000
0.001000
0.001000
0.001000
0.001000
0.001000
0.001000
0.001000
0.001000
0.001000
0.001000
0.001000
0.026275
0.001000
0.001000
0.001000
0.001000
0.028912
0.028667
0.001000
0.001000
0.001000
0.029089
0.001000
0.001000
0.001000
0.001000
0.001000
0.001000
0.001000
0.001000
0.001000
0.001000
0.001000
0.001000
0.001000
0.001000
0.001000
0.001000
0.001000
0.001000
0.001000
0.001000
0.001000
0.001000
0.001000
0.001000
0.001000
0.001000
0.001000
0.001000
0.001000
0.001000
0.001000
0.001000
0.001000
0.001000
0.001000
0.001000
0.001000
0.001000
0.001000
0.001000
0.001000
0.001000
0.001000
0.001000
0.031741
0.001000
0.001000
0.001000
0.001000
0.001000
0.001000
0.001000
0.001000
0.001000
0.001000
0.001000
0.001000
0.001000
0.026901
0.001000
0.001000
0.001000
0.029806
0.001000
0.001000
0.001000
0.001000
0.001000
0.001000
0.001000
0.001000
0.001000
0.001000
0.001000
0.001000
0.001000
0.001000
0.001000
0.001000
0.001000
0.001000
0.001000
0.001000
0.001000
0.001000
0.001000
0.001000
0.001000
0.001000
0.001000
0.001000
0.001000
0.001000
0.001000
0.025574
0.001000
0.001000
0.001000
0.001000
0.001000
0.001000
0.001000
0.001000
0.001000
0.001000
0.001000
0.001000
0.001000
0.001000
0.032213
0.001000
0.001000
0.001000
0.001000
0.001000
0.001000
0.001000
0.001000
0.001000
0.001000
0.001000
0.001000
0.001000
0.001000
0.030345
0.001000
0.001000
0.001000
0.001000
0.001000
0.001000
0.001000
0.001000
0.001000
0.028671
0.001000
0.001000
0.001000
0.001000
0.001000
0.001000
0.001000
0.001000
0.001000
0.001000
0.001000
0.001000
0.001000
0.001000
0.001000
0.031169
0.001000
0.001000
0.001000
0.001000
0.001000
0.001000
0.001000
0.001000
0.001000
0.001000
0.001000
0.001000
0.001000
0.001000
0.001000
0.001000
0.001000
0.001000
0.001000
0.001000
0.001000
0.001000
0.001000
0.001000
0.001000
0.030767
0.001000
0.001000
0.001000
0.001000
0.001000
0.001000
0.001000
0.001000
0.001000
0.001000
0.001000
0.029000
0.001000
0.001000
0.001000
0.001000
0.001000
0.001000
0.001000
0.001000
0.001000
0.001000
0.001000
0.029885
0.001000
0.001000
0.001000
0.001000
0.001000
0.001000
0.001000
0.001000
0.027403
0.026324
0.001000
0.001000
0.001000
0.001000
0.001000
0.001000
0.001000
0.001000
0.001000
0.001000
0.001000
0.001000
0.001000
0.026043
0.001000
0.001000
0.001000
0.027735
