0.348956
0.177130
0.177976
0.001000
0.177720
0.344924
0.345892
0.001000
0.001000
0.001000
0.348340
0.176118
0.345912
0.341495
0.347732
0.346706
0.001000
0.001000
0.001000
0.177277
0.347487
0.342957
0.342911
0.177065
0.341220
0.175719
0.001000
0.346949
0.346668
0.178180
0.346075
0.001000
0.347691
0.178376
0.346634
0.343639
0.342173
0.001000
0.347239
0.177230
0.001000
0.176081
0.348030
0.001000
0.346830
0.001000
0.346879
0.345370
0.001000
0.343279
0.001000
0.001000
0.343468
0.177326
0.001000
0.175356
0.346367
0.177725
0.001000
0.343598
0.001000
0.348231
0.342796
0.349452
0.001000
0.348716
0.001000
0.001000
0.001000
0.342748
0.001000
0.178905
0.179644
0.176580
0.346438
0.178285
0.177116
0.348780
0.344617
0.345177
0.177305
0.176628
0.177017
0.001000
0.174318
0.345441
0.175142
0.347900
0.346962
0.001000
0.344728
0.345114
0.342997
0.175677
0.343469
0.001000
0.344766
0.343947
0.001000
0.347916
0.347010
0.177251
0.177403
0.001000
0.345809
0.177938
0.001000
0.175438
0.177087
0.348010
0.001000
0.001000
0.343322
0.176164
0.001000
0.001000
0.175903
0.001000
0.001000
0.176774
0.348262
0.001000
0.001000
0.347434
0.001000
0.343483
0.001000
0.001000
0.001000
0.178509
0.178029
0.343526
0.348183
0.343786
0.346634
0.344794
0.176971
0.001000
0.177492
0.176736
0.175368
0.001000
0.001000
0.177760
0.001000
0.346669
0.345995
0.001000
0.001000
0.343754
0.176172
0.001000
0.178282
0.177627
0.001000
0.177149
0.345808
0.001000
0.343617
0.178034
0.347134
0.348021
0.177045
0.346928
0.001000
0.176985
0.346929
0.001000
0.001000
0.177773
0.177648
0.345360
0.344208
0.174782
0.346660
0.176437
0.347051
0.177379
0.001000
0.001000
0.177251
0.178946
0.001000
0.001000
0.345135
0.001000
0.001000
0.178172
0.343716
0.348237
0.176845
0.348442
0.001000
0.176285
0.177841
0.344926
0.344864
0.175483
0.001000
0.175996
0.176290
0.175571
0.001000
0.348270
0.176666
0.176588
0.349008
0.346873
0.175980
0.175120
0.344737
0.001000
0.001000
0.343268
0.177518
0.177214
0.344241
0.178835
0.345253
0.176156
0.347117
0.344232
0.179628
0.345768
0.345389
0.343184
0.345513
0.174817
0.346315
0.001000
0.001000
0.342662
0.178227
0.344530
0.001000
0.175555
0.348842
0.346984
0.342857
0.001000
0.179028
0.348950
0.001000
0.344477
0.178135
0.001000
0.348289
0.347782
0.348673
0.342825
0.346522
0.342089
0.349412
0.348307
0.341477
0.345854
0.343384
0.176715
0.001000
0.346879
0.347320
0.174328
0.175781
0.177473
0.346937
0.345353
0.001000
0.176935
0.346557
0.343651
0.175888
0.177461
0.347346
0.179026
0.348787
0.176680
0.348381
0.177538
0.001000
0.345866
0.179164
0.176185
0.001000
0.176090
0.177464
0.346991
0.001000
0.345104
0.001000
0.346907
0.177391
0.346960
0.341849
0.343924
0.178537
0.001000
0.346049
0.001000
0.177446
0.344203
0.001000
0.345540
0.348739
0.177402
0.348693
0.178534
0.347087
0.342735
0.001000
0.001000
0.345628
0.348411
0.347230
0.178338
0.177473
0.344433
0.344274
0.342386
0.347183
0.346267
0.347608
0.178183
0.174803
0.001000
0.001000
0.177601
0.001000
0.347521
0.344839
0.001000
0.343866
0.001000
0.342793
0.345104
0.174868
0.177832
0.001000
0.345638
0.346220
0.177654
0.177136
0.001000
0.343086
0.001000
0.176118
0.343934
0.343651
0.348008
0.001000
0.344236
0.175172
0.348430
0.348824
0.177110
0.344677
0.174938
0.175098
0.001000
0.346438
0.177373
0.177361
0.177326
0.345394
0.347438
0.001000
0.001000
0.175485
0.001000
0.001000
0.176242
0.177803
0.344518
0.177731
0.001000
0.346699
0.347051
0.346678
0.345533
0.347433
0.342298
0.345084
0.176735
0.347514
0.001000
0.177351
0.178177
0.347289
0.342511
0.344041
0.175941
0.001000
0.176477
0.178214
0.178770
0.342883
0.348115
0.001000
0.178085
0.348957
0.001000
0.176139
0.177771
0.344256
0.001000
0.344018
0.177863
0.001000
0.345491
0.346177
0.176820
0.177913
0.177375
0.348994
0.001000
0.342445
0.001000
0.345529
0.344934
0.347868
0.178547
0.178182
0.346067
0.176624
0.177540
0.346747
0.347535
0.345429
0.341764
0.344916
0.001000
0.347500
0.001000
0.346563
0.001000
0.346709
0.177809
0.175312
0.347805
0.346173
0.348983
0.347607
0.175248
0.347263
0.342946
0.177629
0.178338
0.001000
0.179480
0.344578
0.001000
0.346884
0.344035
0.174525
0.177562
0.179148
0.178076
0.001000
0.175333
0.001000
0.346286
0.348333
0.344043
0.001000
0.001000
0.344247
0.343958
0.345855
0.347996
0.001000
0.346093
0.344545
0.344768
0.176953
0.176569
0.343484
0.001000
0.345861
0.174733
0.176132
0.345080
0.342392
0.343048
0.343733
0.344602
0.344417
0.343885
0.178835
0.344474
0.346605
0.344164
0.344322
0.001000
0.343263
0.001000
0.176952
0.001000
0.347931
0.001000
0.175979
0.177600
0.001000
0.177253
0.001000
0.001000
0.346420
0.174661
0.342950
0.345175
0.349400
0.177821
0.343603
0.177992
0.346094
0.175300
0.346904
0.346513
0.001000
0.347273
0.177233
0.345271
0.345614
0.001000
0.001000
0.177848
0.001000
0.177522
0.345186
0.177207
0.346372
0.343927
0.345870
0.345775
0.001000
0.175555
0.001000
0.347122
0.345362
0.342791
0.347168
0.347701
0.342215
0.346421
0.178208
0.346701
0.001000
0.175363
0.346568
0.344752
0.001000
0.175815
0.178023
0.001000
0.001000
0.344344
0.177791
0.346237
0.347972
0.176114
0.345921
0.345531
0.001000
0.178641
0.344386
0.176604
0.001000
0.176612
0.176591
0.179226
0.001000
0.345960
0.346432
0.345842
0.176796
0.346084
0.342397
0.346474
0.347879
0.347942
0.342608
0.178100
0.178052
0.348094
0.176216
0.346814
0.175832
0.001000
0.001000
0.344131
0.347864
0.343478
0.001000
0.344409
0.175101
0.176164
0.341902
0.347723
0.176888
0.177432
0.343327
0.177931
0.341944
0.174928
0.343958
0.343844
0.177472
0.001000
0.176793
0.346322
0.343870
0.349245
0.001000
0.177014
0.001000
0.174969
0.001000
0.177139
0.001000
0.345085
0.001000
0.343383
0.176305
0.345143
0.347851
0.175439
0.344617
0.347322
0.001000
0.346519
0.176537
0.001000
0.176674
0.001000
0.345383
0.175422
0.345114
0.346913
0.345491
0.346701
0.342353
0.001000
0.179213
0.344476
0.175436
0.001000
0.177029
0.344235
0.176864
0.001000
0.346123
0.177539
0.346243
0.345970
0.346987
0.348840
0.347166
0.001000
0.343388
0.346370
0.345296
0.176520
0.001000
0.176936
0.178133
0.001000
0.001000
0.342368
0.001000
0.346177
0.001000
0.001000
0.001000
0.178205
0.175260
0.176576
0.178884
0.176951
0.001000
0.176235
0.346098
0.346735
0.001000
0.177652
0.001000
0.001000
0.178720
0.343356
0.341839
0.342007
0.176308
0.349316
0.174561
0.347316
0.176091
0.177973
0.343552
0.175604
0.176655
0.001000
0.001000
0.176164
0.347889
0.348258
0.001000
0.346980
0.001000
0.344750
0.177087
0.344137
0.342375
0.344417
0.345009
0.345744
0.179384
0.349158
0.348043
0.001000
0.342574
0.178056
0.343569
0.001000
0.346634
0.345317
0.001000
0.178539
0.001000
0.175087
0.343111
0.176519
0.344199
0.344056
0.345408
0.179498
0.001000
0.001000
0.177039
0.347210
0.346059
0.344121
0.342740
0.345605
0.346449
0.344385
0.346733
0.178042
0.342708
0.344250
0.178816
0.001000
0.001000
0.348741
0.346743
0.347947
0.344942
0.347748
0.177767
0.176767
0.345896
0.346235
0.345422
0.346790
0.175648
0.176940
0.346864
0.341680
0.001000
0.174705
0.001000
0.343999
0.001000
0.175982
0.344160
0.345511
0.001000
0.343528
0.347073
0.177912
0.178025
0.348055
0.347253
0.178382
0.177755
0.343265
0.345856
0.342273
0.343883
0.177151
0.176155
0.176261
0.349322
0.347014
0.178219
0.176111
0.177402
0.001000
0.001000
0.342494
0.179768
0.001000
0.177018
0.345687
0.175496
0.178705
0.001000
0.001000
0.347234
0.001000
0.001000
0.343297
0.344449
0.347121
0.001000
0.178883
0.343526
0.001000
0.177358
0.342973
0.177804
0.175457
0.178936
0.349268
0.348672
0.347392
0.342030
0.344677
0.001000
0.344022
0.346008
0.347449
0.001000
0.001000
0.177919
0.346710
0.177444
0.176812
0.347430
0.177317
0.346445
0.177697
0.177388
0.345490
0.001000
0.345732
0.001000
0.001000
0.001000
0.344501
0.178235
0.001000
0.346869
0.177492
0.348380
0.179138
0.001000
0.178781
0.342106
0.348152
0.343043
0.345540
0.346985
0.346557
0.001000
0.178037
0.347021
0.001000
0.345773
0.344931
0.175789
0.001000
0.001000
0.176594
0.341855
0.001000
0.178118
0.176433
0.177431
0.178715
0.346901
0.001000
0.001000
0.177811
0.176674
0.178563
0.001000
0.347988
0.178292
0.348602
0.176027
0.346390
0.176064
0.349375
0.001000
0.001000
0.345523
0.176100
0.001000
0.343513
0.174737
0.176468
0.001000
0.347339
0.343191
0.346343
0.342802
0.341377
0.176649
0.001000
0.001000
0.345886
0.179186
0.347200
0.344405
0.176496
0.001000
0.346993
0.348415
0.175631
0.001000
0.001000
0.001000
0.345163
0.346044
0.346156
0.176000
0.344762
0.177615
0.347607
0.344682
0.001000
0.349194
0.347239
0.178934
0.178482
0.349386
0.001000
0.001000
0.001000
0.346147
0.177233
0.348257
0.176531
0.001000
0.001000
0.001000
0.176546
0.345373
0.343123
0.345355
0.346266
0.347189
0.346910
0.345323
0.177294
0.001000
0.176436
0.177628
0.001000
0.345599
0.178217
0.345112
0.001000
0.001000
0.343748
0.001000
0.178311
0.344815
0.343457
0.345029
0.347034
0.347643
0.001000
0.178304
0.174801
0.347776
0.344075
0.347690
0.345078
0.346452
0.344505
0.001000
0.001000
0.176486
0.001000
0.001000
0.177405
0.177958
0.346220
0.346266
0.342843
0.346028
0.343347
0.178049
0.176744
0.346207
0.177104
0.176727
0.344270
0.178127
0.347281
0.175599
0.343191
0.001000
0.346535
0.346677
0.343727
0.176067
0.343042
0.001000
0.178161
0.346977
0.344516
0.349849
0.176395
0.344972
0.346069
0.001000
0.177886
0.174446
0.347412
0.349036
0.345694
0.344071
0.001000
0.343287
0.345989
0.176117
0.345243
0.001000
0.347419
0.175377
0.342483
0.346194
0.177943
0.342229
0.346821
0.001000
0.001000
0.001000
0.344684
0.001000
0.178650
0.344535
0.001000
0.001000
0.345636
0.347937
0.001000
0.343317
0.345967
0.001000
0.347933
0.346358
0.178957
0.176150
0.177437
0.175483
0.177795
0.001000
0.349687
0.001000
0.179732
0.343234
0.178921
0.343944
0.176670
0.346032
0.001000
0.001000
0.175760
0.344003
0.001000
0.344078
0.348387
0.349647
0.345085
0.001000
0.178273
0.001000
0.348693
0.349452
0.001000
0.001000
0.001000
0.001000
0.342795
0.001000
0.177176
0.176821
0.176936
0.347208
0.176077
0.177890
0.001000
0.001000
0.347534
0.001000
0.176661
0.001000
0.345929
0.344318
0.343511
0.176727
0.345979
0.001000
0.001000
0.348002
0.345281
0.348561
0.343968
0.001000
0.175297
0.344950
0.345459
0.344846
0.343109
0.344209
0.177234
0.345257
0.343080
0.344713
0.001000
0.001000
0.176753
0.345305
0.344428
0.177160
0.345109
0.176643
0.347773
0.178488
0.344520
0.001000
0.342662
0.177017
0.348996
0.346843
0.346185
0.179425
0.176536
0.347746
0.175061
0.349738
0.341631
0.001000
0.176576
0.345061
0.176143
0.176629
0.341566
0.344607
0.345011
0.176662
0.347645
0.348315
0.176260
0.175417
0.176415
0.178720
0.346911
0.178482
0.177304
0.178462
0.343433
0.001000
0.344829
0.177116
0.174959
0.344280
0.345641
0.177985
0.175964
0.342552
0.176012
0.178687
0.001000
0.175770
0.001000
0.347114
0.175957
0.341824
0.001000
0.176683
0.176281
0.001000
0.344729
0.176618
0.345820
0.346655
0.176709
0.346985
0.175414
0.177289
0.346513
0.177047
0.341637
0.343448
0.001000
0.175916
0.001000
0.001000
0.177540
0.346163
0.175913
0.342683
0.001000
0.342240
0.001000
0.346715
0.344514
0.176981
0.001000
0.001000
0.177438
0.347947
0.178120
0.344231
0.001000
0.176368
0.343512
0.001000
0.179426
0.178003
0.345938
0.175630
0.343967
0.177482
0.001000
0.341334
0.179146
0.348712
0.344078
0.343605
0.178043
0.345303
0.344739
0.001000
0.001000
0.347169
0.347115
0.001000
0.178042
0.347748
0.001000
0.001000
0.177271
0.175972
0.176874
0.177310
0.176369
0.344803
0.175618
0.001000
0.343933
0.344188
0.176761
0.349295
0.177880
0.177373
0.348879
0.343846
0.348543
0.344580
0.001000
0.177305
0.001000
0.178108
0.344517
0.001000
0.177466
0.346245
0.349234
0.174126
0.343159
0.176649
0.177049
0.001000
0.344576
0.345932
0.346590
0.346437
0.001000
0.347356
0.342892
0.347884
0.001000
0.343579
0.178286
0.001000
0.001000
0.344092
0.177230
0.177406
0.347479
0.345106
0.346427
0.343110
0.001000
0.346722
0.347732
0.342644
0.345980
0.001000
0.342411
0.345374
0.349021
0.343579
0.174331
0.343439
0.343404
0.001000
0.348829
0.179150
0.174505
0.001000
0.342374
0.001000
0.344986
0.175891
0.001000
0.344136
0.177934
0.176358
0.176564
0.177740
0.343917
0.176823
0.345639
0.345044
0.344751
0.177684
0.176027
0.001000
0.001000
0.176826
0.347863
0.346726
0.344547
0.174033
0.348456
0.175642
0.001000
0.178112
0.176951
0.342853
0.177837
0.346879
0.178172
0.001000
0.344574
0.179488
0.177425
0.177338
0.343973
0.344211
0.341843
0.176302
0.177430
0.177534
0.343167
0.344067
0.174666
0.344269
0.175591
0.177331
0.001000
0.175244
0.001000
0.178270
0.175592
0.001000
0.344584
0.177240
0.001000
0.343444
0.001000
0.347678
0.175718
0.347528
0.346412
0.347836
0.001000
0.343461
0.174793
0.177316
0.179258
0.174807
0.179472
0.344985
0.001000
