3.228718
3.228099
3.222822
3.223226
3.223020
3.223355
3.224075
3.226862
3.226329
3.225634
3.221213
3.224186
3.225794
3.222813
3.222847
3.224200
3.228944
3.225360
3.225410
3.224633
3.227752
3.221280
3.227675
3.225076
3.224643
3.225589
3.222295
3.224140
3.225900
3.227275
3.227596
3.225564
3.223403
3.224486
3.223935
3.224592
3.226117
3.226666
3.229482
0.001000
0.001000
3.223055
3.225423
3.224845
3.223302
0.001000
3.228353
3.228052
3.223772
3.224708
3.225010
3.227179
3.222422
3.227732
0.001000
3.226701
3.227584
0.001000
3.225989
0.001000
3.222671
3.224700
0.001000
3.223966
0.001000
3.225875
3.227154
3.223393
3.228951
3.223500
3.225848
3.222887
3.226875
3.224811
3.222440
0.001000
3.228897
3.224502
3.224912
0.001000
3.227424
3.226672
3.221827
3.224001
3.228503
3.225192
0.001000
3.225955
3.225155
0.001000
3.228005
3.224550
0.001000
3.227116
3.222267
3.223328
3.225831
3.223801
0.001000
3.221846
0.001000
3.223634
3.224046
0.001000
0.001000
0.001000
0.001000
0.001000
3.225477
3.223776
3.225641
3.225906
0.001000
0.001000
3.225354
3.226715
3.228345
3.224760
3.225198
3.226428
3.227824
0.001000
3.223918
3.223079
3.227350
3.227316
3.227401
3.226935
3.226931
0.001000
0.001000
0.001000
0.001000
3.227202
0.001000
0.001000
3.228328
0.001000
3.226749
3.224171
0.001000
3.227809
0.001000
3.225860
3.223722
0.001000
0.001000
0.001000
0.001000
0.001000
3.226745
3.226326
3.223154
0.001000
3.227857
0.001000
0.001000
0.001000
0.001000
0.001000
3.227375
3.229495
0.001000
0.001000
0.001000
0.001000
3.224666
3.221320
3.224601
0.001000
0.001000
0.001000
0.001000
3.222395
0.001000
3.226917
3.227535
0.001000
0.001000
3.226202
3.224451
0.001000
0.001000
0.001000
3.224114
3.228055
0.001000
0.001000
3.228999
3.225272
0.001000
3.225992
0.001000
0.001000
3.223518
0.001000
0.001000
3.224252
3.223212
0.001000
3.225549
3.229167
0.001000
0.001000
0.001000
0.001000
0.001000
0.001000
3.226971
0.001000
0.001000
0.001000
0.001000
3.223039
3.223408
0.001000
3.227133
3.228230
0.001000
3.224646
3.224740
3.226697
3.224667
0.001000
3.227138
3.228228
0.001000
3.226550
0.001000
0.001000
3.223532
3.223687
3.223708
0.001000
3.228481
3.223533
0.001000
0.001000
0.001000
0.001000
3.225498
0.001000
0.001000
0.001000
3.228049
3.225710
3.229492
3.224771
0.001000
0.001000
0.001000
0.001000
0.001000
0.001000
0.001000
0.001000
0.001000
3.228356
0.001000
0.001000
3.225170
3.225815
3.222894
0.001000
0.001000
0.001000
0.001000
3.227814
0.001000
3.225050
0.001000
0.001000
0.001000
0.001000
0.001000
0.001000
3.223048
3.226426
0.001000
3.224989
3.223348
3.228311
0.001000
0.001000
0.001000
3.226192
0.001000
3.227722
3.222963
0.001000
3.223486
0.001000
0.001000
3.223306
3.222770
0.001000
0.001000
3.225037
3.225508
0.001000
3.226575
3.227422
0.001000
0.001000
0.001000
0.001000
3.229312
0.001000
3.223228
0.001000
0.001000
0.001000
3.226724
0.001000
3.226556
3.226507
3.223311
3.227790
0.001000
0.001000
0.001000
0.001000
0.001000
0.001000
0.001000
3.224179
0.001000
0.001000
3.223074
3.223227
0.001000
3.225322
0.001000
0.001000
0.001000
3.225160
3.223715
0.001000
3.224567
3.223831
3.227364
0.001000
0.001000
0.001000
3.226400
3.227066
3.229001
3.225233
3.228655
0.001000
0.001000
3.227422
3.228494
0.001000
3.225837
3.229338
3.224737
0.001000
3.226560
3.228978
3.224591
3.227264
0.001000
3.223766
3.222098
3.227823
3.223679
0.001000
0.001000
3.224213
3.226028
0.001000
3.227311
0.001000
0.001000
0.001000
0.001000
0.001000
3.225419
0.001000
0.001000
0.001000
0.001000
3.224073
0.001000
0.001000
3.222778
0.001000
3.227327
3.226012
3.223877
0.001000
0.001000
0.001000
3.226291
3.224269
3.225961
0.001000
3.222456
3.225318
3.222451
3.222544
0.001000
0.001000
0.001000
0.001000
0.001000
0.001000
0.001000
0.001000
3.226167
0.001000
3.225461
0.001000
0.001000
3.225316
3.222550
0.001000
3.228197
3.221781
3.227543
3.227295
0.001000
3.229147
0.001000
3.226875
3.227060
0.001000
3.225757
3.222414
0.001000
0.001000
3.221116
3.226216
3.225848
0.001000
3.229660
0.001000
0.001000
0.001000
0.001000
3.227224
0.001000
0.001000
3.226361
0.001000
0.001000
0.001000
0.001000
0.001000
0.001000
0.001000
0.001000
0.001000
3.226857
0.001000
3.224080
3.222903
3.226586
0.001000
3.226482
3.224240
0.001000
3.227144
3.224709
3.224748
0.001000
0.001000
0.001000
0.001000
3.225581
0.001000
3.223296
0.001000
3.224504
0.001000
3.229585
0.001000
0.001000
0.001000
0.001000
3.226426
0.001000
0.001000
3.226086
3.223569
0.001000
0.001000
3.224558
0.001000
0.001000
3.228485
3.221478
3.224995
0.001000
0.001000
0.001000
0.001000
0.001000
0.001000
0.001000
0.001000
0.001000
0.001000
0.001000
0.001000
3.223506
0.001000
0.001000
0.001000
0.001000
0.001000
0.001000
0.001000
3.223600
3.226749
0.001000
3.228049
3.226909
3.223337
0.001000
3.224961
0.001000
0.001000
0.001000
0.001000
0.001000
3.227598
0.001000
0.001000
0.001000
3.228358
0.001000
0.001000
0.001000
3.223822
3.223809
0.001000
0.001000
0.001000
0.001000
0.001000
3.224053
0.001000
3.226624
0.001000
0.001000
0.001000
0.001000
0.001000
3.225627
3.228329
0.001000
0.001000
3.227319
0.001000
3.229105
0.001000
0.001000
0.001000
0.001000
0.001000
0.001000
3.227494
3.222982
3.225443
0.001000
3.221678
0.001000
0.001000
0.001000
0.001000
0.001000
0.001000
0.001000
0.001000
3.225910
3.222212
0.001000
3.228306
3.224766
3.225306
0.001000
0.001000
0.001000
3.227465
3.223708
0.001000
3.224614
0.001000
3.226616
3.227281
3.224467
3.223341
3.224723
0.001000
0.001000
0.001000
0.001000
3.226448
3.226411
3.227780
3.226963
3.227781
0.001000
3.228406
3.224719
3.226861
0.001000
3.227247
3.225206
0.001000
3.223559
3.224011
0.001000
0.001000
0.001000
0.001000
0.001000
3.224828
3.222742
3.227471
3.225098
3.221655
3.227808
3.224094
0.001000
0.001000
0.001000
0.001000
0.001000
3.224006
3.224959
3.226447
3.226561
0.001000
3.224354
3.224448
3.226805
3.226016
0.001000
0.001000
0.001000
0.001000
0.001000
0.001000
0.001000
0.001000
3.224559
0.001000
0.001000
3.226765
3.225272
3.226662
3.225155
3.225595
3.226548
0.001000
0.001000
3.225761
3.225333
3.227373
0.001000
3.226714
0.001000
0.001000
0.001000
0.001000
0.001000
3.226757
0.001000
3.225933
3.227293
3.225669
0.001000
3.226529
0.001000
0.001000
3.224150
0.001000
3.227308
3.223950
0.001000
0.001000
3.228771
3.223688
3.225125
3.223448
3.222878
0.001000
3.227653
0.001000
0.001000
0.001000
0.001000
0.001000
3.223494
3.228619
0.001000
3.224391
3.225794
0.001000
0.001000
0.001000
0.001000
0.001000
0.001000
0.001000
3.225444
3.223462
0.001000
3.227240
0.001000
3.227424
3.225706
3.225419
3.222772
0.001000
0.001000
0.001000
0.001000
0.001000
0.001000
3.225067
0.001000
0.001000
0.001000
0.001000
0.001000
3.228066
3.224302
0.001000
3.229852
0.001000
3.229225
3.225887
0.001000
3.227964
0.001000
0.001000
0.001000
3.228094
0.001000
3.228304
0.001000
3.223745
3.226956
3.224776
0.001000
0.001000
0.001000
0.001000
0.001000
0.001000
0.001000
0.001000
0.001000
3.224117
0.001000
0.001000
0.001000
3.226460
0.001000
0.001000
0.001000
0.001000
3.222073
3.227788
3.224756
0.001000
3.224847
3.224097
3.229012
0.001000
3.226037
0.001000
3.227507
0.001000
3.229455
3.224863
3.225324
3.224127
3.226004
0.001000
0.001000
0.001000
0.001000
0.001000
0.001000
0.001000
0.001000
0.001000
3.222967
3.224175
3.226339
3.227100
3.224352
3.224482
3.225390
3.225686
3.223863
3.224909
3.227583
3.223639
3.226553
0.001000
3.224627
0.001000
0.001000
0.001000
0.001000
0.001000
0.001000
0.001000
3.223638
3.228558
3.225106
0.001000
0.001000
0.001000
0.001000
0.001000
0.001000
3.225602
3.223699
0.001000
3.227969
0.001000
0.001000
0.001000
0.001000
3.224491
0.001000
0.001000
3.224272
3.223539
0.001000
3.225238
0.001000
0.001000
0.001000
0.001000
0.001000
0.001000
0.001000
3.224651
3.225263
3.229058
3.225509
3.226368
3.222956
0.001000
0.001000
0.001000
0.001000
3.228389
3.224172
0.001000
3.225642
3.228086
0.001000
0.001000
0.001000
0.001000
0.001000
0.001000
0.001000
3.224791
0.001000
3.225043
3.224824
3.221960
0.001000
0.001000
0.001000
0.001000
0.001000
3.225219
3.226350
3.227200
0.001000
0.001000
3.226036
0.001000
3.225266
0.001000
0.001000
3.228197
3.225775
3.223669
3.225954
3.223900
0.001000
3.225141
0.001000
0.001000
0.001000
0.001000
0.001000
0.001000
3.225145
0.001000
0.001000
3.224844
3.226770
3.224596
0.001000
0.001000
0.001000
3.225024
3.228212
3.225642
3.228132
3.223380
3.225821
0.001000
3.224914
0.001000
0.001000
3.223733
0.001000
3.228260
3.224940
3.224848
0.001000
3.222400
0.001000
3.222944
0.001000
3.225681
0.001000
3.223861
3.223419
3.222584
0.001000
3.223843
0.001000
0.001000
0.001000
0.001000
0.001000
0.001000
3.228339
3.225156
0.001000
0.001000
3.229112
0.001000
3.225006
0.001000
0.001000
0.001000
3.226761
3.226219
3.224849
0.001000
0.001000
0.001000
0.001000
0.001000
0.001000
0.001000
3.226276
3.224610
0.001000
0.001000
3.227373
3.228052
3.226392
3.228539
3.225484
3.228832
3.226059
3.226853
0.001000
3.224505
0.001000
0.001000
0.001000
0.001000
0.001000
0.001000
3.228789
0.001000
3.228521
0.001000
0.001000
0.001000
0.001000
3.225744
0.001000
0.001000
3.225396
0.001000
0.001000
3.226712
0.001000
0.001000
3.223225
3.222846
0.001000
3.228505
3.225176
0.001000
3.225730
3.226669
0.001000
0.001000
3.223612
0.001000
0.001000
0.001000
0.001000
3.223856
3.224090
0.001000
0.001000
0.001000
3.224820
3.224525
3.228306
0.001000
3.226828
0.001000
0.001000
3.227644
0.001000
0.001000
3.225076
3.227742
0.001000
0.001000
3.222579
0.001000
0.001000
0.001000
0.001000
0.001000
3.225897
0.001000
0.001000
0.001000
3.228367
0.001000
0.001000
0.001000
3.225618
0.001000
0.001000
0.001000
3.222309
0.001000
3.227834
3.227930
3.227760
3.223851
3.224866
0.001000
0.001000
3.226125
0.001000
0.001000
0.001000
0.001000
3.227564
3.229146
3.225119
3.223517
0.001000
0.001000
0.001000
3.228661
0.001000
3.226941
0.001000
0.001000
0.001000
0.001000
0.001000
3.226352
0.001000
3.224901
3.222913
0.001000
3.228555
3.226594
3.227059
3.225812
3.227313
0.001000
0.001000
0.001000
0.001000
3.228558
3.223923
3.228268
3.224330
3.225234
0.001000
0.001000
0.001000
0.001000
0.001000
0.001000
3.227295
3.226279
0.001000
3.225767
3.225622
0.001000
3.223346
0.001000
0.001000
3.226326
0.001000
0.001000
3.226633
3.226101
0.001000
3.226063
0.001000
0.001000
0.001000
0.001000
0.001000
3.224435
3.225297
0.001000
0.001000
0.001000
0.001000
3.227561
3.226071
0.001000
3.224050
0.001000
0.001000
3.224998
0.001000
0.001000
3.224285
3.224793
0.001000
3.226569
3.224908
0.001000
3.223305
3.227749
3.225750
3.225664
3.227057
0.001000
3.222952
3.224254
0.001000
3.226956
3.227135
0.001000
0.001000
3.229232
0.001000
0.001000
3.227165
3.227028
3.225890
3.225896
3.228295
3.227841
0.001000
3.226655
0.001000
3.222746
0.001000
0.001000
3.227706
0.001000
0.001000
0.001000
0.001000
0.001000
3.225750
3.222913
3.224298
3.228965
0.001000
3.228252
3.224417
3.221329
3.227629
0.001000
3.228048
3.223648
3.224618
0.001000
0.001000
0.001000
3.223258
0.001000
0.001000
0.001000
3.226239
3.224038
3.226783
3.227205
0.001000
0.001000
3.222595
3.222860
3.224591
3.224942
0.001000
0.001000
0.001000
0.001000
0.001000
0.001000
3.226420
0.001000
3.224279
0.001000
3.224958
0.001000
3.224658
3.227830
3.225685
3.223168
0.001000
0.001000
0.001000
0.001000
3.226597
3.225326
0.001000
3.229770
0.001000
0.001000
3.224832
0.001000
3.225452
3.226607
3.226217
0.001000
3.223126
3.225080
3.222366
3.227051
3.223577
0.001000
0.001000
3.228097
3.225388
0.001000
3.225475
0.001000
3.224432
0.001000
3.227206
3.223771
0.001000
3.224664
3.227579
0.001000
0.001000
3.225509
3.227011
3.227492
0.001000
0.001000
0.001000
3.226595
3.225695
3.224342
3.225081
3.226063
3.228150
3.228078
3.226898
3.224967
3.224557
3.227188
3.223174
0.001000
3.222362
3.223984
3.227193
3.223457
0.001000
0.001000
0.001000
3.226028
3.228184
0.001000
3.226548
0.001000
0.001000
0.001000
0.001000
0.001000
0.001000
0.001000
3.225459
3.225993
3.224100
0.001000
3.225079
0.001000
3.227219
3.225551
3.223688
0.001000
0.001000
0.001000
3.226646
0.001000
3.224949
0.001000
3.224308
0.001000
0.001000
3.226549
3.226985
3.225550
3.223371
0.001000
0.001000
0.001000
0.001000
0.001000
0.001000
3.227257
3.226137
3.227233
3.223225
3.226121
3.224273
3.224540
3.224057
0.001000
3.227264
0.001000
0.001000
3.227669
3.225002
3.224271
0.001000
0.001000
3.227853
3.227648
0.001000
3.226938
0.001000
3.228724
3.224820
3.225599
0.001000
3.222661
3.228921
0.001000
0.001000
3.225163
3.228564
3.224979
0.001000
3.228364
0.001000
3.228411
0.001000
3.222495
0.001000
3.227444
0.001000
0.001000
3.226480
0.001000
0.001000
0.001000
3.227993
0.001000
3.224077
3.222968
0.001000
3.225751
0.001000
0.001000
3.227928
0.001000
3.227201
3.229786
3.223029
3.228639
0.001000
0.001000
0.001000
3.222482
0.001000
3.227286
3.224973
0.001000
3.227031
3.225500
3.223656
0.001000
3.225327
3.223647
3.226287
3.222618
0.001000
3.227385
3.227432
3.224207
0.001000
3.224634
3.222010
0.001000
3.223089
0.001000
0.001000
0.001000
3.228400
3.228597
0.001000
0.001000
3.226437
3.224353
3.222213
3.223604
0.001000
0.001000
3.228356
0.001000
0.001000
0.001000
3.227057
3.227092
0.001000
3.223963
3.226946
0.001000
3.222869
3.224973
3.224902
3.226262
0.001000
0.001000
0.001000
0.001000
3.227367
3.223934
0.001000
0.001000
0.001000
0.001000
3.227115
0.001000
0.001000
3.223800
3.228020
0.001000
0.001000
0.001000
0.001000
3.225360
0.001000
0.001000
0.001000
0.001000
0.001000
3.222638
0.001000
3.224057
3.225018
3.225238
0.001000
3.224638
0.001000
0.001000
0.001000
0.001000
0.001000
0.001000
0.001000
0.001000
0.001000
3.227017
0.001000
0.001000
0.001000
0.001000
3.221983
0.001000
0.001000
0.001000
0.001000
3.224150
0.001000
0.001000
3.226948
3.228329
0.001000
0.001000
0.001000
0.001000
0.001000
0.001000
3.223515
0.001000
3.226729
0.001000
0.001000
3.228248
0.001000
3.229666
3.226575
0.001000
3.228103
3.224562
0.001000
3.228641
0.001000
3.224158
0.001000
3.227399
0.001000
3.225454
3.228190
3.223335
3.224413
0.001000
0.001000
3.224215
0.001000
0.001000
3.223916
0.001000
3.226085
3.223077
3.223664
0.001000
0.001000
0.001000
3.225261
3.225607
0.001000
0.001000
0.001000
0.001000
0.001000
0.001000
0.001000
3.221728
0.001000
3.228720
3.222946
3.223776
3.224210
0.001000
0.001000
0.001000
3.223307
0.001000
0.001000
0.001000
3.228633
3.226248
0.001000
0.001000
0.001000
3.224729
3.225101
0.001000
0.001000
3.226715
0.001000
0.001000
3.224045
3.229193
0.001000
3.224256
0.001000
0.001000
0.001000
0.001000
0.001000
3.228971
3.225844
0.001000
3.223124
0.001000
3.226460
3.224451
3.224585
3.227881
0.001000
0.001000
3.224010
3.226061
0.001000
3.226795
0.001000
3.226745
0.001000
3.228765
3.226432
0.001000
3.223439
0.001000
3.223833
3.227644
3.228123
3.223752
3.223153
0.001000
0.001000
0.001000
0.001000
0.001000
0.001000
0.001000
0.001000
3.223436
3.228360
0.001000
3.226886
3.224135
0.001000
0.001000
3.225800
3.227485
3.224702
0.001000
3.227047
0.001000
0.001000
3.225540
0.001000
3.223563
0.001000
3.227336
3.228179
3.226776
0.001000
0.001000
3.222960
0.001000
0.001000
0.001000
0.001000
3.221878
0.001000
3.226257
0.001000
0.001000
0.001000
3.224575
0.001000
3.226631
3.223847
0.001000
3.228817
0.001000
0.001000
0.001000
3.226295
0.001000
0.001000
0.001000
0.001000
3.227408
3.228535
3.223918
0.001000
3.224947
0.001000
0.001000
0.001000
0.001000
3.224471
3.226848
0.001000
0.001000
3.223035
0.001000
0.001000
0.001000
0.001000
3.224038
3.226092
3.225521
3.225127
0.001000
0.001000
0.001000
0.001000
3.223997
0.001000
0.001000
0.001000
3.228764
0.001000
3.228419
0.001000
3.222646
0.001000
3.226035
3.223978
0.001000
0.001000
3.227255
3.224854
3.228212
3.224704
3.227670
0.001000
0.001000
0.001000
0.001000
3.225355
0.001000
3.226942
3.227683
0.001000
3.225586
3.224915
3.223389
0.001000
0.001000
0.001000
0.001000
3.227284
3.225003
3.227529
3.221750
3.227388
3.224013
3.227915
3.222214
3.225511
3.224449
0.001000
3.227252
3.226363
0.001000
3.225913
3.225527
0.001000
0.001000
0.001000
0.001000
0.001000
3.227000
0.001000
3.221975
3.226809
0.001000
0.001000
0.001000
0.001000
3.224043
0.001000
0.001000
0.001000
0.001000
3.225281
0.001000
3.222186
3.227362
0.001000
0.001000
0.001000
0.001000
3.224421
0.001000
0.001000
3.222188
0.001000
0.001000
0.001000
0.001000
0.001000
3.227091
0.001000
0.001000
3.226939
0.001000
3.224378
0.001000
0.001000
0.001000
0.001000
0.001000
0.001000
0.001000
0.001000
3.224859
3.223973
3.226146
0.001000
0.001000
0.001000
3.224828
0.001000
3.223424
3.223744
3.225200
3.223516
3.223544
3.226385
3.227760
3.228217
0.001000
0.001000
0.001000
0.001000
0.001000
0.001000
0.001000
0.001000
0.001000
0.001000
0.001000
3.227450
0.001000
0.001000
3.227019
0.001000
0.001000
3.223331
3.225814
0.001000
0.001000
0.001000
0.001000
0.001000
0.001000
0.001000
3.223404
3.224546
3.222165
0.001000
3.228896
3.226855
3.226113
0.001000
0.001000
3.223908
3.229464
0.001000
0.001000
0.001000
3.222502
3.227767
0.001000
3.224394
0.001000
0.001000
0.001000
0.001000
0.001000
0.001000
3.228479
0.001000
0.001000
0.001000
0.001000
3.224841
3.229474
3.225109
0.001000
0.001000
0.001000
3.224334
0.001000
3.226489
3.227688
3.227175
0.001000
0.001000
0.001000
3.226221
3.226887
3.226954
0.001000
0.001000
0.001000
0.001000
3.227164
3.223868
3.226579
0.001000
0.001000
3.226635
0.001000
3.225485
0.001000
0.001000
3.226013
0.001000
3.225309
0.001000
3.224470
3.227079
3.226523
3.228407
0.001000
0.001000
3.227767
3.222310
3.227496
0.001000
0.001000
0.001000
3.225578
0.001000
3.226193
0.001000
0.001000
0.001000
0.001000
0.001000
0.001000
3.223657
3.227195
0.001000
0.001000
0.001000
0.001000
0.001000
0.001000
3.225424
3.223910
3.227793
3.225684
3.225885
0.001000
0.001000
0.001000
0.001000
3.222958
3.223817
0.001000
0.001000
3.224226
3.224911
0.001000
3.225607
0.001000
0.001000
0.001000
0.001000
0.001000
3.223598
0.001000
3.226555
3.222421
3.226581
0.001000
3.227020
3.225095
0.001000
0.001000
3.227515
3.224764
0.001000
0.001000
3.225586
3.221888
3.226215
3.227899
3.228215
0.001000
0.001000
3.222122
0.001000
0.001000
3.225115
3.223667
0.001000
3.227253
0.001000
0.001000
3.223630
3.223203
0.001000
0.001000
3.227371
0.001000
3.227399
3.225293
3.221829
0.001000
0.001000
0.001000
0.001000
0.001000
0.001000
3.228063
0.001000
3.226918
3.226434
0.001000
3.223784
0.001000
3.222394
0.001000
0.001000
0.001000
3.222936
3.222469
3.222509
3.224990
3.226825
3.225538
3.227621
0.001000
0.001000
0.001000
0.001000
3.222012
0.001000
0.001000
0.001000
3.224320
0.001000
0.001000
3.225754
3.222770
0.001000
0.001000
3.227350
0.001000
3.226272
3.226003
0.001000
3.227566
0.001000
3.228390
3.223760
3.227123
0.001000
3.224986
0.001000
0.001000
3.225559
3.227924
0.001000
3.224952
0.001000
3.223290
0.001000
0.001000
0.001000
0.001000
0.001000
3.229088
0.001000
0.001000
0.001000
3.227933
0.001000
3.221988
0.001000
3.221773
0.001000
3.223683
0.001000
0.001000
3.227056
3.228253
0.001000
3.222788
0.001000
3.227041
0.001000
3.224534
0.001000
0.001000
3.222930
0.001000
0.001000
0.001000
0.001000
3.225948
3.227425
0.001000
0.001000
0.001000
0.001000
0.001000
0.001000
0.001000
0.001000
3.223897
3.226085
3.224966
3.225059
3.225387
0.001000
0.001000
0.001000
0.001000
0.001000
3.227978
3.223916
0.001000
3.223993
0.001000
0.001000
0.001000
3.226757
3.226288
0.001000
0.001000
3.224280
3.222940
0.001000
3.224786
3.226099
3.225156
3.227226
0.001000
3.226461
0.001000
3.226701
0.001000
3.224711
0.001000
3.224778
0.001000
3.223909
0.001000
0.001000
3.225026
0.001000
0.001000
3.225123
3.229309
0.001000
0.001000
0.001000
0.001000
0.001000
0.001000
0.001000
0.001000
3.227635
3.224352
0.001000
3.221283
3.225398
3.225554
0.001000
3.226673
0.001000
0.001000
3.224132
0.001000
0.001000
3.226876
0.001000
3.223322
0.001000
3.225555
0.001000
0.001000
0.001000
3.225014
0.001000
0.001000
0.001000
0.001000
0.001000
3.225881
3.225442
0.001000
0.001000
0.001000
3.224125
3.222263
3.225698
0.001000
0.001000
0.001000
3.222601
3.225636
0.001000
0.001000
3.226444
0.001000
3.226486
0.001000
0.001000
3.227185
0.001000
0.001000
0.001000
3.223098
0.001000
3.222169
3.224100
3.229206
0.001000
0.001000
0.001000
3.227152
3.227965
3.222625
0.001000
0.001000
0.001000
3.228241
0.001000
3.223979
3.228871
0.001000
0.001000
0.001000
0.001000
0.001000
0.001000
3.223572
0.001000
3.223235
0.001000
0.001000
0.001000
0.001000
0.001000
3.224146
0.001000
0.001000
0.001000
0.001000
0.001000
3.221400
0.001000
3.227201
3.224278
3.226844
0.001000
3.227274
3.226902
0.001000
0.001000
0.001000
0.001000
0.001000
3.227096
3.222832
3.221144
0.001000
0.001000
0.001000
0.001000
0.001000
0.001000
0.001000
0.001000
0.001000
3.224907
3.224130
3.228688
0.001000
0.001000
0.001000
0.001000
0.001000
0.001000
0.001000
0.001000
3.225372
3.222421
3.226249
0.001000
3.228146
3.224839
0.001000
0.001000
3.228037
3.226855
0.001000
3.223392
0.001000
0.001000
0.001000
3.225985
0.001000
0.001000
0.001000
3.224891
0.001000
0.001000
3.228029
0.001000
0.001000
3.228922
0.001000
0.001000
0.001000
0.001000
0.001000
0.001000
0.001000
0.001000
3.224164
3.225159
0.001000
0.001000
3.223361
0.001000
3.229044
3.225693
3.223371
3.223512
3.223080
3.225872
0.001000
0.001000
3.226017
0.001000
3.223688
0.001000
3.224164
3.228877
3.225538
3.223115
3.227429
0.001000
3.227528
0.001000
3.226377
0.001000
0.001000
0.001000
0.001000
0.001000
0.001000
0.001000
3.221522
3.227564
3.225630
3.225194
3.226221
3.225139
0.001000
0.001000
3.223116
3.224136
0.001000
3.226434
0.001000
3.224200
3.229265
0.001000
3.224239
3.223710
3.224892
0.001000
0.001000
0.001000
3.223945
0.001000
3.226006
3.223239
3.226361
3.227201
3.223302
0.001000
3.228373
3.223857
0.001000
0.001000
0.001000
3.224073
3.226094
3.224156
0.001000
3.221983
3.223442
0.001000
0.001000
3.222592
3.222896
3.226658
0.001000
3.227873
3.227987
3.227162
3.224122
3.227357
0.001000
0.001000
3.226961
0.001000
0.001000
0.001000
0.001000
0.001000
0.001000
0.001000
3.225913
3.223312
0.001000
0.001000
0.001000
0.001000
0.001000
3.225710
3.226476
3.227219
0.001000
3.221848
3.222014
3.227263
3.226502
3.227431
0.001000
0.001000
3.224656
0.001000
0.001000
0.001000
3.224515
0.001000
0.001000
0.001000
3.223315
3.224358
3.226951
0.001000
0.001000
3.223765
3.224349
0.001000
0.001000
0.001000
3.224929
3.225082
3.226351
0.001000
3.227323
3.227269
3.225613
0.001000
0.001000
0.001000
0.001000
0.001000
0.001000
3.224311
3.223890
3.223340
3.222961
0.001000
0.001000
3.225562
3.227049
3.227596
3.225595
3.221896
0.001000
0.001000
0.001000
3.224932
3.226960
3.225292
0.001000
0.001000
0.001000
0.001000
0.001000
3.225890
0.001000
3.226233
3.226865
3.225790
0.001000
0.001000
3.223889
3.223629
0.001000
3.224449
0.001000
3.223746
0.001000
0.001000
0.001000
0.001000
0.001000
0.001000
3.225868
0.001000
3.227080
0.001000
3.226416
3.222819
0.001000
0.001000
0.001000
0.001000
0.001000
3.225261
3.225135
3.225638
0.001000
0.001000
0.001000
0.001000
0.001000
0.001000
0.001000
3.222475
0.001000
0.001000
0.001000
3.226422
0.001000
3.224417
3.225499
3.224336
3.222896
0.001000
3.226023
3.226332
3.224343
3.224773
3.227953
0.001000
0.001000
3.228391
3.226855
3.225690
3.222830
0.001000
0.001000
3.226039
3.225551
3.226388
0.001000
0.001000
3.229176
3.223134
3.222792
0.001000
0.001000
0.001000
0.001000
3.223446
3.226587
3.223144
0.001000
0.001000
0.001000
0.001000
0.001000
0.001000
3.223660
0.001000
0.001000
0.001000
3.223891
3.222488
0.001000
3.223262
3.227364
3.223612
3.228349
0.001000
3.227370
0.001000
0.001000
0.001000
0.001000
0.001000
3.222913
3.222184
3.227469
3.226498
0.001000
3.225919
3.227971
0.001000
3.226906
3.223742
3.221831
3.227279
3.225951
3.224472
3.222539
0.001000
3.224808
3.221977
3.227573
3.222707
0.001000
3.224160
0.001000
3.224605
0.001000
0.001000
0.001000
0.001000
0.001000
3.227689
3.223767
3.222805
0.001000
0.001000
0.001000
0.001000
3.227463
3.227142
0.001000
3.225054
0.001000
0.001000
3.227488
3.227699
3.225295
3.226263
3.226322
0.001000
0.001000
0.001000
0.001000
0.001000
0.001000
0.001000
3.227290
3.227928
0.001000
0.001000
0.001000
3.223690
0.001000
0.001000
0.001000
0.001000
0.001000
3.226653
3.222942
3.225512
0.001000
3.228689
0.001000
3.224833
0.001000
3.227651
0.001000
3.223990
0.001000
3.223404
3.222950
3.226518
0.001000
0.001000
3.226771
0.001000
3.227230
3.228502
0.001000
3.223451
0.001000
3.229549
0.001000
0.001000
0.001000
0.001000
0.001000
0.001000
0.001000
0.001000
3.222917
0.001000
0.001000
0.001000
0.001000
3.223344
3.226371
3.229107
3.225979
3.224429
0.001000
0.001000
3.225429
3.224434
3.224146
0.001000
0.001000
0.001000
3.224486
3.228818
0.001000
0.001000
3.222795
0.001000
3.226784
3.222447
3.227168
0.001000
0.001000
0.001000
0.001000
3.223887
0.001000
0.001000
3.226351
0.001000
0.001000
0.001000
0.001000
0.001000
0.001000
0.001000
3.225212
0.001000
0.001000
0.001000
3.221178
3.225005
0.001000
3.225418
0.001000
3.227050
3.224147
3.227925
3.227170
3.228142
3.226816
3.229027
3.225238
3.226208
0.001000
3.227607
3.222642
0.001000
3.226673
0.001000
0.001000
0.001000
0.001000
0.001000
3.223054
3.227021
3.226621
0.001000
0.001000
0.001000
0.001000
0.001000
0.001000
3.221460
0.001000
0.001000
3.224982
3.223897
0.001000
0.001000
3.225797
0.001000
3.226889
3.226892
0.001000
3.226021
0.001000
0.001000
0.001000
0.001000
0.001000
0.001000
3.226034
3.226629
3.221900
3.228301
3.224832
0.001000
0.001000
0.001000
0.001000
3.222460
0.001000
0.001000
3.224031
0.001000
3.227362
3.225780
3.225279
3.223418
3.228612
3.222529
0.001000
0.001000
0.001000
0.001000
0.001000
0.001000
0.001000
3.228961
0.001000
3.225838
3.224785
0.001000
0.001000
0.001000
0.001000
3.223236
3.224147
0.001000
0.001000
3.228253
0.001000
0.001000
0.001000
3.224165
3.225933
0.001000
0.001000
3.227641
3.229172
3.225383
3.224366
3.226763
0.001000
0.001000
3.227276
0.001000
0.001000
0.001000
0.001000
0.001000
3.223874
0.001000
3.227333
0.001000
0.001000
3.224889
0.001000
0.001000
3.225357
0.001000
3.222401
0.001000
0.001000
0.001000
0.001000
0.001000
0.001000
3.223383
3.227736
3.227152
3.224451
3.224258
3.224003
3.223512
0.001000
3.223925
0.001000
0.001000
0.001000
0.001000
0.001000
3.225164
0.001000
3.225458
0.001000
0.001000
0.001000
0.001000
0.001000
0.001000
3.224176
0.001000
0.001000
0.001000
3.227661
0.001000
3.226790
0.001000
0.001000
0.001000
0.001000
3.221550
0.001000
0.001000
0.001000
3.225601
3.225551
0.001000
0.001000
0.001000
0.001000
0.001000
0.001000
0.001000
0.001000
3.227427
0.001000
3.222778
0.001000
0.001000
0.001000
0.001000
0.001000
3.226049
3.222574
3.226044
0.001000
3.224443
3.224594
0.001000
3.226466
3.227471
3.225436
3.225362
0.001000
0.001000
0.001000
0.001000
3.228420
3.225167
0.001000
0.001000
0.001000
0.001000
0.001000
0.001000
3.227934
0.001000
0.001000
0.001000
0.001000
0.001000
0.001000
3.225049
0.001000
0.001000
3.225339
3.226798
3.223174
0.001000
3.223759
0.001000
0.001000
0.001000
3.223965
3.227693
3.224005
0.001000
0.001000
0.001000
0.001000
0.001000
3.229210
3.228251
0.001000
3.221339
3.223501
3.224049
0.001000
3.228419
0.001000
0.001000
0.001000
0.001000
3.227762
0.001000
3.226970
3.224179
3.228364
0.001000
0.001000
3.223752
3.223171
0.001000
0.001000
0.001000
0.001000
0.001000
0.001000
0.001000
3.223927
0.001000
0.001000
0.001000
0.001000
0.001000
3.226721
0.001000
3.226517
0.001000
3.221430
3.227908
0.001000
0.001000
3.225037
0.001000
3.227225
0.001000
0.001000
3.224046
0.001000
0.001000
0.001000
0.001000
0.001000
0.001000
0.001000
0.001000
3.225198
0.001000
0.001000
0.001000
3.224019
3.223606
0.001000
0.001000
3.224487
3.223388
0.001000
0.001000
0.001000
3.225883
0.001000
3.227196
3.224258
0.001000
3.228445
3.225513
3.225249
3.222801
0.001000
3.222902
0.001000
3.222926
3.226719
3.225384
3.224774
3.223704
0.001000
0.001000
0.001000
0.001000
0.001000
0.001000
0.001000
0.001000
0.001000
3.225424
0.001000
0.001000
3.228224
0.001000
0.001000
3.228393
3.227422
0.001000
0.001000
3.227975
0.001000
0.001000
3.222827
0.001000
3.229326
0.001000
3.225788
3.225311
3.225044
0.001000
0.001000
0.001000
3.225220
3.225315
3.226251
3.227640
0.001000
3.227528
3.228155
3.227577
3.225250
3.227778
0.001000
3.223409
0.001000
3.227956
3.224292
0.001000
3.224230
3.222595
3.224130
0.001000
0.001000
0.001000
0.001000
0.001000
0.001000
0.001000
3.229562
0.001000
0.001000
3.225603
3.227541
0.001000
0.001000
0.001000
0.001000
0.001000
0.001000
0.001000
3.224762
0.001000
3.224130
3.225143
3.222484
0.001000
0.001000
3.226425
0.001000
3.223975
0.001000
0.001000
0.001000
0.001000
0.001000
0.001000
0.001000
3.224338
3.223973
0.001000
0.001000
3.229439
0.001000
3.225712
0.001000
0.001000
3.226634
0.001000
0.001000
0.001000
3.225252
3.222791
3.224924
3.223690
3.223519
0.001000
3.225485
3.227142
3.228212
3.229526
0.001000
3.228272
0.001000
3.221724
0.001000
3.222425
3.223023
0.001000
3.224382
3.226053
0.001000
0.001000
0.001000
0.001000
3.225588
3.225058
3.225442
3.226960
0.001000
0.001000
0.001000
0.001000
0.001000
3.229239
0.001000
3.224058
0.001000
0.001000
0.001000
0.001000
0.001000
0.001000
3.225159
3.224353
3.225371
0.001000
3.227112
3.222152
0.001000
3.227576
3.226476
3.227100
3.229955
0.001000
3.223725
0.001000
0.001000
0.001000
3.223725
0.001000
3.223976
0.001000
3.222438
