0.001000
0.001000
0.665220
0.666795
0.663045
0.668171
0.338386
0.001000
0.001000
0.662579
0.337327
0.664294
0.338829
0.669096
0.663186
0.336330
0.337170
0.667250
0.665046
0.667995
0.664377
0.666692
0.667046
0.666248
0.665346
0.001000
0.666148
0.001000
0.337455
0.336375
0.001000
0.662536
0.001000
0.336782
0.665392
0.001000
0.666782
0.668630
0.665773
0.666998
0.662647
0.334939
0.337083
0.667162
0.001000
0.336764
0.335510
0.339000
0.668566
0.663063
0.336942
0.337130
0.001000
0.001000
0.001000
0.001000
0.335076
0.662718
0.665202
0.667587
0.667473
0.662343
0.666946
0.337054
0.336959
0.336301
0.664633
0.001000
0.001000
0.336133
0.662484
0.001000
0.668144
0.001000
0.663907
0.001000
0.664635
0.665118
0.335776
0.335015
0.335817
0.665499
0.668371
0.001000
0.001000
0.001000
0.666138
0.665152
0.001000
0.001000
0.667847
0.664658
0.662953
0.663148
0.667870
0.664511
0.662955
0.339522
0.336244
0.665406
0.668546
0.664360
0.339677
0.336085
0.335985
0.001000
0.001000
0.337551
0.335856
0.663684
0.668512
0.664038
0.664114
0.663384
0.337949
0.666307
0.001000
0.663335
0.662909
0.001000
0.664208
0.663054
0.665560
0.665652
0.335668
0.663331
0.663283
0.001000
0.001000
0.335658
0.668362
0.664994
0.001000
0.001000
0.001000
0.665461
0.336951
0.337417
0.663373
0.337835
0.665789
0.001000
0.663801
0.334651
0.666910
0.334511
0.001000
0.001000
0.661753
0.664223
0.337652
0.664600
0.001000
0.337787
0.001000
0.667833
0.667943
0.664025
0.664394
0.001000
0.668351
0.334972
0.001000
0.337101
0.667114
0.668990
0.662503
0.001000
0.667420
0.001000
0.001000
0.336142
0.335822
0.339029
0.001000
0.664038
0.662461
0.336358
0.336717
0.334298
0.001000
0.001000
0.336434
0.661517
0.001000
0.666374
0.664644
0.001000
0.001000
0.001000
0.001000
0.336861
0.001000
0.001000
0.337251
0.336488
0.665355
0.668078
0.666631
0.334977
0.665895
0.667942
0.664488
0.336893
0.001000
0.665321
0.668094
0.666432
0.337036
0.334909
0.665821
0.666967
0.664057
0.001000
0.337385
0.001000
0.001000
0.662674
0.001000
0.665075
0.335329
0.666004
0.001000
0.335988
0.339112
0.664193
0.665828
0.001000
0.001000
0.336349
0.665684
0.001000
0.663175
0.001000
0.338178
0.668715
0.335535
0.334958
0.663427
0.001000
0.669017
0.664875
0.666614
0.668168
0.664941
0.336450
0.337925
0.337088
0.001000
0.001000
0.337752
0.337535
0.337862
0.001000
0.336244
0.663795
0.336586
0.001000
0.337988
0.664664
0.001000
0.001000
0.001000
0.334588
0.666336
0.336168
0.337127
0.001000
0.667579
0.669018
0.664074
0.663402
0.001000
0.662163
0.668035
0.667130
0.336943
0.339194
0.664266
0.338249
0.664428
0.665579
0.666825
0.001000
0.001000
0.666758
0.001000
0.001000
0.338869
0.336920
0.336607
0.664805
0.663745
0.001000
0.666753
0.336208
0.668133
0.337317
0.336480
0.665296
0.001000
0.336446
0.665504
0.665111
0.336886
0.337642
0.001000
0.337889
0.664546
0.001000
0.665407
0.339697
0.668864
0.666668
0.001000
0.663437
0.335663
0.664386
0.337228
0.337393
0.001000
0.335845
0.336261
0.337768
0.336328
0.666715
0.336246
0.663428
0.337455
0.001000
0.667002
0.664071
0.664406
0.667911
0.665631
0.666531
0.666184
0.001000
0.667851
0.664326
0.661590
0.666242
0.661654
0.001000
0.001000
0.666341
0.667598
0.001000
0.336258
0.662517
0.666261
0.338481
0.666259
0.335014
0.337907
0.666171
0.665972
0.663645
0.661839
0.667494
0.666601
0.336954
0.662926
0.667393
0.667347
0.662100
0.001000
0.662819
0.664541
0.666891
0.666794
0.337045
0.664175
0.337400
0.667222
0.667349
0.001000
0.667680
0.668806
0.001000
0.339370
0.664726
0.663805
0.665245
0.336894
0.665637
0.668347
0.665873
0.001000
0.001000
0.337107
0.001000
0.001000
0.667581
0.338641
0.665390
0.662822
0.662639
0.668961
0.337525
0.001000
0.336563
0.001000
0.001000
0.336604
0.335395
0.663265
0.665243
0.665591
0.338189
0.665722
0.665643
0.336912
0.001000
0.667685
0.001000
0.001000
0.001000
0.335949
0.001000
0.335957
0.337146
0.666254
0.001000
0.665435
0.338091
0.664710
0.001000
0.336995
0.662035
0.001000
0.001000
0.336830
0.336500
0.337937
0.336047
0.337501
0.337911
0.667067
0.001000
0.663829
0.001000
0.001000
0.001000
0.337039
0.001000
0.663667
0.001000
0.662611
0.001000
0.661699
0.662876
0.001000
0.667922
0.661954
0.667275
0.665868
0.337002
0.665849
0.662406
0.665733
0.336222
0.001000
0.001000
0.335088
0.338218
0.334788
0.334623
0.667879
0.664518
0.001000
0.661366
0.338794
0.664623
0.666169
0.334620
0.001000
0.665075
0.001000
0.001000
0.664555
0.663789
0.662812
0.663555
0.001000
0.664425
0.665889
0.662393
0.662434
0.335838
0.664107
0.666254
0.337070
0.664867
0.662969
0.668384
0.001000
0.337236
0.335570
0.667581
0.338366
0.335886
0.338936
0.001000
0.336537
0.337174
0.667117
0.663982
0.337015
0.666465
0.336668
0.667027
0.665289
0.666998
0.337415
0.335196
0.665782
0.334323
0.665421
0.665980
0.001000
0.001000
0.665054
0.338314
0.338584
0.335370
0.001000
0.666409
0.337157
0.338682
0.666827
0.668927
0.337320
0.338225
0.001000
0.001000
0.335585
0.663935
0.665252
0.337321
0.665720
0.336620
0.665501
0.663257
0.663994
0.668771
0.666008
0.001000
0.663611
0.001000
0.001000
0.001000
0.666639
0.669094
0.661770
0.337589
0.001000
0.664373
0.668957
0.001000
0.337883
0.662909
0.001000
0.001000
0.666067
0.001000
0.338596
0.337647
0.666698
0.669658
0.337887
0.663584
0.665706
0.337803
0.665598
0.335389
0.662641
0.666881
0.667411
0.337659
0.336368
0.666545
0.337337
0.663951
0.666407
0.662780
0.667445
0.337725
0.667087
0.336043
0.669083
0.665366
0.667403
0.664342
0.337375
0.335235
0.668527
0.665411
0.668554
0.001000
0.001000
0.669011
0.001000
0.661668
0.001000
0.664664
0.338070
0.001000
0.001000
0.001000
0.001000
0.001000
0.001000
0.001000
0.001000
0.338445
0.337661
0.337727
0.335726
0.337318
0.001000
0.661631
0.001000
0.001000
0.001000
0.336370
0.666006
0.663502
0.001000
0.001000
0.665596
0.337120
0.666783
0.335844
0.664231
0.664473
0.663550
0.335131
0.666821
0.667709
0.666731
0.001000
0.334715
0.337606
0.664879
0.336432
0.338255
0.663158
0.336626
0.001000
0.001000
0.337737
0.667015
0.669378
0.662831
0.668995
0.663418
0.337167
0.667646
0.337504
0.661531
0.339563
0.001000
0.001000
0.668096
0.336481
0.667653
0.336824
0.001000
0.662952
0.337109
0.337385
0.001000
0.667688
0.337859
0.667666
0.666449
0.336215
0.338443
0.664118
0.667759
0.001000
0.337145
0.662735
0.666532
0.001000
0.338283
0.665917
0.668412
0.338995
0.001000
0.666965
0.336528
0.663555
0.001000
0.665598
0.669278
0.336930
0.337512
0.664931
0.666111
0.666335
0.337128
0.668590
0.001000
0.001000
0.001000
0.001000
0.001000
0.001000
0.665719
0.666625
0.666825
0.663949
0.001000
0.665911
0.336143
0.337824
0.667593
0.001000
0.337144
0.663894
0.662960
0.662501
0.336858
0.338517
0.663584
0.663862
0.666191
0.337097
0.665304
0.669310
0.667906
0.664077
0.001000
0.668752
0.001000
0.335685
0.339737
0.664031
0.664791
0.001000
0.667700
0.336911
0.001000
0.663816
0.001000
0.001000
0.664230
0.001000
0.001000
0.001000
0.664410
0.665816
0.338768
0.663192
0.663624
0.335006
0.662538
0.001000
0.001000
0.001000
0.338515
0.665957
0.664674
0.665336
0.337299
0.337182
0.001000
0.339163
0.663144
0.663303
0.001000
0.662673
0.666155
0.665879
0.669737
0.335733
0.665668
0.664998
0.666417
0.001000
0.001000
0.001000
0.336000
0.338401
0.663669
0.667594
0.001000
0.001000
0.662600
0.666155
0.337939
0.001000
0.001000
0.663753
0.662985
0.664935
0.662857
0.664278
0.334650
0.001000
0.336199
0.336063
0.339187
0.001000
0.335997
0.663386
0.665373
0.664318
0.337448
0.336868
0.335970
0.337596
0.338373
0.338585
0.338920
0.335125
0.334209
0.662718
0.001000
0.334796
0.667517
0.662679
0.338828
0.334600
0.667626
0.338535
0.336321
0.338329
0.337623
0.664468
0.664592
0.665648
0.337182
0.663887
0.661588
0.337339
0.664322
0.001000
0.665733
0.665449
0.001000
0.001000
0.001000
0.337195
0.666587
0.337309
0.337393
0.667200
0.663959
0.667938
0.666501
0.665424
0.339527
0.664297
0.664204
0.662475
0.665953
0.666694
0.666957
0.001000
0.001000
0.001000
0.335754
0.334621
0.336555
0.665974
0.667964
0.001000
0.663648
0.001000
0.666305
0.666203
0.667411
0.338097
0.666641
0.001000
0.001000
0.667219
0.001000
0.664698
0.339792
0.337398
0.666529
0.669705
0.664143
0.337032
0.336177
0.337185
0.662117
0.001000
0.663471
0.666104
0.667523
0.662516
0.335381
0.334742
0.665790
0.666461
0.668044
0.336827
0.337216
0.665820
0.669742
0.663811
0.001000
0.001000
0.662502
0.337296
0.668234
0.666669
0.665294
0.337820
0.664589
0.666897
0.335393
0.669458
0.334522
0.338398
0.336499
0.335430
0.001000
0.663157
0.336040
0.665775
0.664433
0.663429
0.668675
0.337950
0.666692
0.338720
0.336875
0.337404
0.666197
0.665659
0.336944
0.001000
0.669746
0.001000
0.001000
0.337609
0.667029
0.001000
0.001000
0.001000
0.339308
0.001000
0.337047
0.001000
0.001000
0.667011
0.667669
0.667589
0.666174
0.001000
0.339500
0.001000
0.336763
0.668600
0.001000
0.337718
0.337261
0.664528
0.662716
0.667660
0.666624
0.666082
0.339738
0.001000
0.001000
0.662690
0.338069
0.336209
0.666558
0.336228
0.664060
0.001000
0.001000
0.664721
0.336187
0.668941
0.335859
0.667426
0.664655
0.001000
0.001000
0.338373
0.337541
0.663404
0.338493
0.001000
0.662740
0.001000
0.001000
0.668009
0.665744
0.001000
0.336341
0.001000
0.337850
0.338090
0.337571
0.663745
0.337923
0.001000
0.001000
0.339302
0.001000
0.337911
0.001000
0.662644
0.661832
0.001000
0.338829
0.662959
0.001000
0.335348
0.338401
0.001000
0.662544
0.663376
0.666507
0.663944
0.337109
0.336800
0.662990
0.001000
0.668935
0.665135
0.668316
0.337228
0.001000
0.001000
0.336925
0.662992
0.667342
0.662553
0.335975
0.336261
0.665312
0.667123
0.665488
0.665736
0.667934
0.336766
0.337244
0.663504
0.337631
0.665393
0.338633
0.666602
0.662260
0.337612
0.336956
0.666950
0.667009
0.337265
0.664981
0.001000
0.001000
0.337330
0.001000
0.335239
0.001000
0.001000
0.662333
0.665666
0.665501
0.001000
0.001000
0.001000
0.336744
0.665437
0.339142
0.663805
0.338272
0.666459
0.001000
0.667594
0.665293
