3.227943
3.228398
3.226066
3.223764
3.223811
3.223919
3.228197
3.223318
3.223130
3.225141
3.228145
3.225626
3.224464
3.227903
3.222821
0.001000
3.224190
3.224738
3.227235
3.225931
3.229591
3.226399
3.226285
3.226581
3.228835
3.225966
3.227418
3.223751
3.224200
3.222715
0.001000
0.001000
0.001000
3.221578
3.227439
3.227363
3.224846
3.224900
3.225066
0.001000
3.224482
0.001000
3.224293
0.001000
0.001000
3.226980
3.226484
3.227851
3.229085
3.222718
3.225313
3.226094
3.223577
0.001000
3.223624
0.001000
3.224793
0.001000
3.225837
0.001000
3.226677
3.223464
3.222256
3.224831
3.222575
0.001000
0.001000
3.225816
0.001000
3.223197
0.001000
3.224207
3.222353
0.001000
3.225622
0.001000
3.224302
0.001000
0.001000
0.001000
0.001000
0.001000
3.222953
3.224075
0.001000
3.226383
3.225215
3.226612
3.225931
3.225049
0.001000
3.225221
0.001000
3.227038
3.227904
3.228444
3.226527
0.001000
0.001000
0.001000
0.001000
0.001000
3.223839
3.225084
0.001000
3.226335
0.001000
0.001000
3.225295
0.001000
0.001000
3.223111
3.226365
3.227432
0.001000
0.001000
3.227065
0.001000
3.228307
3.224874
3.221817
3.226862
0.001000
0.001000
3.223796
3.227772
0.001000
3.224684
0.001000
3.223764
3.227061
3.227043
0.001000
0.001000
0.001000
3.226616
3.223191
0.001000
0.001000
0.001000
0.001000
0.001000
0.001000
0.001000
3.225494
0.001000
0.001000
3.228368
0.001000
3.223871
3.227280
0.001000
3.225628
3.224534
0.001000
3.226905
0.001000
3.222301
0.001000
3.227701
0.001000
0.001000
0.001000
0.001000
0.001000
0.001000
3.226177
0.001000
0.001000
3.226797
0.001000
0.001000
3.222447
0.001000
3.228329
3.222654
0.001000
3.227704
0.001000
0.001000
3.228440
0.001000
0.001000
3.224175
3.223347
0.001000
3.226084
0.001000
0.001000
0.001000
3.227258
0.001000
3.229160
0.001000
0.001000
3.225898
3.224432
3.222713
0.001000
3.224456
3.224557
0.001000
3.223321
3.224418
0.001000
3.222939
3.224492
3.227221
0.001000
3.222082
0.001000
0.001000
0.001000
3.223473
0.001000
0.001000
0.001000
0.001000
0.001000
3.223063
0.001000
0.001000
0.001000
3.223284
3.228929
0.001000
0.001000
0.001000
0.001000
0.001000
3.224167
0.001000
0.001000
3.228402
3.227892
3.222303
0.001000
0.001000
3.224550
0.001000
3.226196
0.001000
0.001000
0.001000
3.226190
0.001000
0.001000
3.224798
3.224998
0.001000
3.227003
0.001000
0.001000
3.225148
0.001000
0.001000
3.223750
0.001000
0.001000
0.001000
0.001000
0.001000
0.001000
0.001000
3.226110
0.001000
0.001000
0.001000
0.001000
0.001000
0.001000
3.226591
0.001000
0.001000
0.001000
0.001000
0.001000
3.226226
0.001000
0.001000
0.001000
0.001000
0.001000
3.226059
0.001000
3.228520
3.223793
3.223201
0.001000
0.001000
0.001000
0.001000
0.001000
3.227509
0.001000
0.001000
0.001000
3.225833
0.001000
0.001000
3.224811
3.222400
3.223958
0.001000
0.001000
3.221794
3.225001
3.228256
3.224397
0.001000
0.001000
0.001000
3.225344
3.221791
0.001000
3.229494
3.228936
3.229051
3.224897
0.001000
0.001000
0.001000
0.001000
0.001000
0.001000
3.226503
0.001000
3.226226
3.226324
3.222861
0.001000
0.001000
0.001000
3.227520
3.227025
0.001000
3.226503
3.223334
0.001000
0.001000
0.001000
0.001000
0.001000
0.001000
0.001000
0.001000
3.227698
3.223549
0.001000
0.001000
0.001000
0.001000
3.222583
3.224522
3.222656
0.001000
3.226172
0.001000
0.001000
0.001000
0.001000
3.223047
3.225696
0.001000
0.001000
3.222764
0.001000
3.226044
3.224488
3.222735
0.001000
3.227461
0.001000
0.001000
0.001000
3.227643
0.001000
0.001000
0.001000
0.001000
3.224939
0.001000
0.001000
0.001000
0.001000
0.001000
3.227418
3.225604
3.226012
3.222443
3.227257
3.228312
0.001000
3.224390
0.001000
0.001000
3.225607
3.228846
3.226761
0.001000
0.001000
0.001000
0.001000
3.222336
3.226845
3.228213
0.001000
0.001000
3.222239
3.224023
3.224369
3.222930
3.223668
3.224707
0.001000
0.001000
3.226335
0.001000
3.227681
0.001000
0.001000
0.001000
0.001000
0.001000
3.227685
3.226021
0.001000
3.224206
3.229176
0.001000
3.223632
0.001000
0.001000
0.001000
3.221826
3.226503
0.001000
3.224458
0.001000
3.222293
3.223070
3.229293
0.001000
3.228161
0.001000
0.001000
3.227188
0.001000
3.228706
3.229241
0.001000
3.227768
0.001000
0.001000
0.001000
3.225721
3.226641
3.227253
0.001000
3.225109
0.001000
3.226539
0.001000
3.225422
0.001000
0.001000
0.001000
0.001000
3.223771
0.001000
0.001000
0.001000
0.001000
3.226625
3.225963
3.224685
3.223581
3.226599
0.001000
3.224686
0.001000
3.228747
0.001000
3.226986
3.227530
3.229220
3.226597
0.001000
0.001000
3.227587
3.224823
3.224815
0.001000
0.001000
3.226431
0.001000
0.001000
0.001000
3.226948
3.224215
0.001000
3.225600
3.225584
0.001000
0.001000
0.001000
3.227152
3.224746
0.001000
3.225797
3.226508
0.001000
0.001000
3.224944
3.228039
3.225301
3.225149
3.228463
3.224851
0.001000
0.001000
3.222385
0.001000
3.227479
0.001000
0.001000
0.001000
3.221838
0.001000
3.228717
3.228272
0.001000
3.224262
3.225246
0.001000
3.228518
0.001000
0.001000
3.222246
0.001000
3.226497
0.001000
0.001000
3.223905
3.227731
0.001000
0.001000
3.227373
3.226182
3.223831
3.225134
0.001000
0.001000
0.001000
0.001000
3.225652
0.001000
3.228105
0.001000
0.001000
3.225472
3.222536
3.228147
0.001000
3.224832
3.227951
3.222607
3.225186
3.227913
0.001000
0.001000
3.222694
0.001000
0.001000
0.001000
0.001000
3.224707
0.001000
3.227721
0.001000
0.001000
3.227251
0.001000
0.001000
3.225185
3.226436
3.223192
0.001000
3.224167
3.224611
3.222961
3.225105
0.001000
3.222671
3.224388
3.224907
0.001000
3.227709
0.001000
0.001000
0.001000
0.001000
0.001000
0.001000
3.226429
0.001000
3.224981
3.224784
3.227397
3.229171
3.225198
0.001000
0.001000
3.222646
3.223863
0.001000
3.226521
3.225244
0.001000
3.224946
0.001000
0.001000
3.228866
3.224390
3.225391
3.226877
0.001000
0.001000
3.226495
0.001000
0.001000
3.223229
0.001000
3.224520
0.001000
3.227220
0.001000
3.222737
0.001000
3.221156
0.001000
3.228038
0.001000
0.001000
3.222402
3.223985
3.223765
0.001000
3.224364
0.001000
3.225282
3.226749
3.224732
3.222351
0.001000
0.001000
3.223892
3.221597
0.001000
0.001000
3.227730
0.001000
3.225060
0.001000
3.224512
0.001000
0.001000
0.001000
0.001000
0.001000
3.224103
3.225827
0.001000
3.226323
0.001000
3.223940
0.001000
0.001000
0.001000
3.221788
0.001000
3.227233
3.221952
0.001000
3.223563
3.222509
0.001000
3.224212
0.001000
0.001000
0.001000
0.001000
3.227389
0.001000
3.224505
0.001000
3.224164
3.228122
3.222524
0.001000
0.001000
0.001000
0.001000
0.001000
0.001000
3.224940
0.001000
0.001000
0.001000
0.001000
0.001000
3.226258
3.224551
0.001000
0.001000
0.001000
0.001000
0.001000
0.001000
0.001000
0.001000
0.001000
3.224209
3.223517
0.001000
0.001000
0.001000
3.227087
0.001000
0.001000
3.224559
0.001000
3.225236
0.001000
3.227824
0.001000
0.001000
0.001000
0.001000
0.001000
3.222910
3.227433
0.001000
0.001000
0.001000
0.001000
3.228273
0.001000
0.001000
0.001000
0.001000
0.001000
3.223525
0.001000
3.227196
3.223555
3.223561
0.001000
3.223502
0.001000
0.001000
0.001000
0.001000
0.001000
0.001000
0.001000
0.001000
3.224534
3.223755
0.001000
3.226273
0.001000
3.227498
3.227447
0.001000
0.001000
0.001000
0.001000
3.221841
3.223814
0.001000
0.001000
0.001000
0.001000
0.001000
3.222118
3.227205
3.227917
0.001000
0.001000
0.001000
0.001000
3.223083
0.001000
0.001000
3.226714
3.227857
0.001000
0.001000
3.226990
3.227377
0.001000
0.001000
3.229452
3.227752
3.229209
0.001000
3.225017
0.001000
0.001000
3.222791
3.225728
3.228946
0.001000
0.001000
3.224360
3.225510
0.001000
0.001000
0.001000
0.001000
3.225136
3.225188
0.001000
0.001000
0.001000
3.225921
0.001000
3.223693
3.225116
3.223367
0.001000
0.001000
3.225773
3.226276
3.226172
3.227765
3.224621
0.001000
3.225592
0.001000
0.001000
0.001000
0.001000
0.001000
3.223946
3.229184
3.225846
0.001000
0.001000
3.224515
0.001000
3.223910
0.001000
0.001000
0.001000
0.001000
0.001000
0.001000
0.001000
0.001000
3.229388
0.001000
3.224993
0.001000
0.001000
3.229478
3.224727
3.224048
0.001000
3.225677
3.226985
3.223643
0.001000
0.001000
3.228483
0.001000
0.001000
3.227134
3.222889
3.223340
0.001000
3.227717
0.001000
3.225942
0.001000
0.001000
0.001000
0.001000
0.001000
3.224375
0.001000
0.001000
0.001000
3.221707
3.226888
3.227078
0.001000
3.227489
0.001000
3.227901
3.225913
3.224461
3.225888
0.001000
0.001000
0.001000
0.001000
0.001000
3.221798
3.228963
3.225522
3.223177
0.001000
3.224185
0.001000
0.001000
0.001000
0.001000
3.224757
3.224577
3.224714
3.227609
0.001000
0.001000
3.223116
0.001000
0.001000
0.001000
0.001000
0.001000
0.001000
3.225442
3.227948
3.224273
0.001000
0.001000
3.226369
3.227592
0.001000
0.001000
3.226658
3.222963
0.001000
0.001000
0.001000
0.001000
0.001000
3.227815
0.001000
0.001000
3.222939
3.227419
0.001000
3.227842
3.221754
3.228966
3.227232
0.001000
0.001000
3.224862
3.224972
0.001000
0.001000
0.001000
0.001000
3.226811
3.223016
3.228099
0.001000
0.001000
3.226492
0.001000
0.001000
3.228933
0.001000
3.225193
0.001000
3.227353
0.001000
3.228792
3.226552
3.223773
3.228446
0.001000
0.001000
3.225694
0.001000
0.001000
3.228618
0.001000
3.221588
0.001000
3.224101
0.001000
3.223595
0.001000
0.001000
3.223055
0.001000
3.225879
0.001000
0.001000
0.001000
0.001000
3.226653
0.001000
3.226173
3.227760
3.224296
0.001000
0.001000
0.001000
0.001000
0.001000
0.001000
3.228337
0.001000
0.001000
3.222993
3.221850
3.223619
0.001000
3.223721
0.001000
3.227331
3.227335
0.001000
0.001000
3.225014
3.226613
3.223863
0.001000
3.223615
0.001000
0.001000
3.226917
3.224308
0.001000
0.001000
3.221848
0.001000
3.226990
0.001000
0.001000
3.226981
0.001000
3.228423
0.001000
0.001000
3.225784
3.222610
3.226947
3.224909
0.001000
3.224284
0.001000
0.001000
0.001000
3.225286
0.001000
0.001000
0.001000
3.226568
0.001000
0.001000
0.001000
3.226572
0.001000
3.226916
3.223399
3.223141
3.227506
3.226476
3.227424
0.001000
0.001000
0.001000
3.225522
0.001000
0.001000
0.001000
0.001000
0.001000
3.224393
3.225259
3.225864
3.226156
0.001000
3.224883
0.001000
3.224385
0.001000
0.001000
0.001000
3.224823
3.224593
3.226157
0.001000
3.225873
3.223376
0.001000
3.228425
3.223605
0.001000
3.226599
3.222842
3.223330
3.224490
0.001000
3.224993
0.001000
0.001000
0.001000
3.228808
3.226260
0.001000
0.001000
0.001000
0.001000
0.001000
3.226643
3.225103
0.001000
3.222657
3.227426
3.224893
0.001000
0.001000
3.223782
0.001000
3.223748
0.001000
0.001000
3.224504
3.222841
0.001000
0.001000
3.224991
3.222344
0.001000
0.001000
0.001000
0.001000
0.001000
0.001000
0.001000
0.001000
0.001000
0.001000
0.001000
3.226040
3.225966
0.001000
0.001000
0.001000
0.001000
3.226880
3.224968
0.001000
3.226786
0.001000
0.001000
3.225502
0.001000
0.001000
0.001000
3.229393
0.001000
0.001000
0.001000
3.229162
0.001000
3.225379
0.001000
0.001000
3.225482
0.001000
0.001000
0.001000
0.001000
3.224187
0.001000
0.001000
3.222693
0.001000
3.223757
3.227152
0.001000
3.222872
0.001000
0.001000
0.001000
3.225695
0.001000
0.001000
3.224741
0.001000
3.223929
3.227100
0.001000
3.223090
0.001000
0.001000
3.222834
0.001000
3.225101
3.225539
0.001000
0.001000
3.225632
0.001000
3.227254
0.001000
3.227456
3.226768
3.227032
3.222892
3.224398
3.226032
3.222596
0.001000
3.223751
3.229029
0.001000
3.222792
3.225639
0.001000
3.228776
3.223586
0.001000
0.001000
0.001000
0.001000
3.227667
0.001000
0.001000
0.001000
0.001000
3.222861
0.001000
3.226947
3.227695
0.001000
3.222878
3.222276
0.001000
0.001000
0.001000
3.224765
0.001000
0.001000
0.001000
0.001000
0.001000
0.001000
0.001000
3.226525
3.222454
3.223619
0.001000
0.001000
0.001000
0.001000
3.227691
3.227195
0.001000
0.001000
0.001000
0.001000
0.001000
0.001000
0.001000
0.001000
0.001000
0.001000
0.001000
3.223277
0.001000
3.223827
0.001000
3.228736
0.001000
3.228116
0.001000
0.001000
0.001000
0.001000
0.001000
0.001000
0.001000
3.224526
3.223698
3.224905
0.001000
0.001000
0.001000
0.001000
0.001000
3.223941
0.001000
0.001000
0.001000
0.001000
0.001000
0.001000
0.001000
3.224606
3.225866
3.224896
3.226232
3.225900
3.226046
0.001000
0.001000
3.228653
3.226593
3.224226
0.001000
0.001000
3.228262
3.228985
3.226654
3.225921
0.001000
3.222168
3.224461
3.229291
0.001000
0.001000
0.001000
0.001000
0.001000
0.001000
0.001000
3.227080
0.001000
0.001000
0.001000
0.001000
3.223844
3.226498
3.223801
3.225913
3.227329
0.001000
0.001000
3.224789
0.001000
3.224717
0.001000
0.001000
0.001000
0.001000
3.224838
0.001000
0.001000
3.226798
0.001000
0.001000
3.228192
0.001000
3.227171
3.223104
3.229941
0.001000
0.001000
0.001000
3.224133
3.225833
3.224699
3.224614
0.001000
0.001000
0.001000
0.001000
3.228422
3.221854
0.001000
3.226858
3.227539
3.226894
0.001000
3.223649
0.001000
3.224141
3.223235
0.001000
3.224260
3.226437
0.001000
0.001000
3.221700
3.225621
0.001000
0.001000
0.001000
3.225842
0.001000
0.001000
0.001000
3.224903
0.001000
0.001000
0.001000
0.001000
0.001000
0.001000
3.224832
0.001000
3.225475
0.001000
0.001000
3.224763
3.221837
0.001000
3.228876
3.225076
3.222455
0.001000
0.001000
0.001000
0.001000
0.001000
0.001000
0.001000
3.226271
3.223402
3.227802
0.001000
0.001000
3.221606
3.225557
0.001000
3.224868
3.223914
0.001000
0.001000
0.001000
0.001000
0.001000
0.001000
3.226721
3.227824
3.224562
0.001000
0.001000
3.223799
3.225924
0.001000
0.001000
0.001000
3.229301
3.227521
3.227417
0.001000
0.001000
0.001000
0.001000
0.001000
0.001000
0.001000
3.227916
0.001000
3.225724
0.001000
3.228087
0.001000
0.001000
0.001000
3.224031
0.001000
0.001000
0.001000
3.228653
0.001000
0.001000
3.228477
3.222863
3.222823
3.228010
3.223100
0.001000
0.001000
3.227378
3.227986
0.001000
3.224101
0.001000
0.001000
0.001000
0.001000
3.222905
0.001000
0.001000
3.225836
0.001000
0.001000
0.001000
0.001000
0.001000
0.001000
3.226996
0.001000
3.226644
0.001000
0.001000
0.001000
0.001000
0.001000
0.001000
0.001000
3.225988
3.221648
3.225512
0.001000
3.223390
0.001000
3.228364
3.223290
0.001000
0.001000
0.001000
0.001000
0.001000
0.001000
0.001000
3.229026
3.222779
0.001000
0.001000
3.225385
0.001000
3.225886
0.001000
0.001000
0.001000
0.001000
0.001000
0.001000
0.001000
3.225701
3.227128
0.001000
3.223039
3.227667
0.001000
3.227307
0.001000
3.224950
3.223720
3.229033
3.226485
0.001000
3.229160
0.001000
3.227267
3.225324
0.001000
3.226992
3.224944
3.221873
3.222313
3.227715
3.221853
3.226105
3.224684
3.229448
0.001000
0.001000
3.223733
0.001000
0.001000
3.228400
0.001000
0.001000
0.001000
0.001000
0.001000
0.001000
0.001000
3.222794
0.001000
0.001000
0.001000
0.001000
0.001000
0.001000
3.224259
0.001000
3.226586
0.001000
3.227025
3.224826
3.226022
0.001000
3.225038
3.225626
0.001000
3.223969
3.225939
3.224603
0.001000
3.227621
0.001000
3.228307
3.224976
0.001000
0.001000
3.226730
3.221557
0.001000
0.001000
0.001000
0.001000
0.001000
0.001000
3.227969
0.001000
0.001000
0.001000
0.001000
0.001000
0.001000
0.001000
0.001000
0.001000
3.226483
0.001000
0.001000
3.223259
0.001000
3.228937
0.001000
0.001000
0.001000
0.001000
3.225268
0.001000
3.222534
0.001000
0.001000
0.001000
0.001000
3.227329
0.001000
0.001000
3.226181
0.001000
0.001000
0.001000
0.001000
0.001000
0.001000
3.224812
0.001000
3.226222
0.001000
0.001000
0.001000
3.224809
0.001000
0.001000
3.225296
0.001000
0.001000
3.226465
3.226936
3.227626
3.229416
3.224063
3.224054
0.001000
3.227464
3.222940
3.228059
3.226695
3.224553
0.001000
3.224662
0.001000
3.222947
3.224742
3.225183
0.001000
3.222643
3.229829
0.001000
3.223048
0.001000
3.228498
0.001000
3.225161
0.001000
0.001000
0.001000
0.001000
3.226321
0.001000
0.001000
0.001000
0.001000
0.001000
3.227699
3.228925
0.001000
0.001000
0.001000
3.224282
0.001000
3.225870
3.224835
0.001000
0.001000
0.001000
0.001000
0.001000
3.226843
0.001000
3.226149
0.001000
3.222137
3.225149
0.001000
0.001000
0.001000
0.001000
3.229808
0.001000
3.226781
3.226182
0.001000
3.223139
0.001000
3.226241
3.227328
0.001000
0.001000
3.225493
0.001000
0.001000
3.225099
0.001000
3.223481
3.225410
0.001000
0.001000
0.001000
0.001000
0.001000
3.228843
0.001000
0.001000
3.226225
3.227583
3.226110
3.223641
0.001000
0.001000
0.001000
3.227772
0.001000
3.228288
3.226963
3.227138
3.224887
3.226018
3.223739
3.224208
0.001000
0.001000
3.226092
3.226234
0.001000
3.229149
3.222336
0.001000
3.225603
0.001000
3.221687
0.001000
3.226069
3.224357
3.228451
3.223875
0.001000
3.227439
0.001000
3.224000
0.001000
3.222296
3.226124
0.001000
3.225585
3.226259
3.227791
3.222703
3.225686
3.223742
0.001000
0.001000
0.001000
3.226264
0.001000
3.224853
3.229223
0.001000
0.001000
3.225649
0.001000
0.001000
3.224323
3.222757
0.001000
3.226474
0.001000
3.225088
3.225485
3.224686
3.226169
0.001000
3.227306
0.001000
3.227379
3.225619
0.001000
3.227154
0.001000
3.229335
3.225142
3.224941
0.001000
0.001000
0.001000
0.001000
0.001000
0.001000
3.223041
3.225405
3.222291
0.001000
3.228532
3.227995
3.223747
0.001000
3.227276
0.001000
0.001000
0.001000
0.001000
0.001000
0.001000
0.001000
3.224703
3.224664
3.221405
0.001000
0.001000
3.227871
3.223586
3.225055
0.001000
3.227020
0.001000
0.001000
0.001000
0.001000
0.001000
3.222185
3.228384
0.001000
0.001000
3.228665
0.001000
0.001000
0.001000
3.226574
3.228049
3.222902
0.001000
3.223782
0.001000
0.001000
3.223936
0.001000
0.001000
0.001000
3.225899
0.001000
3.227680
0.001000
0.001000
0.001000
0.001000
0.001000
3.226020
3.223174
3.221817
3.225513
0.001000
0.001000
0.001000
3.226885
0.001000
3.223871
3.225517
0.001000
0.001000
3.225316
3.224003
0.001000
3.222467
0.001000
3.228126
0.001000
3.226441
3.227313
0.001000
3.226674
3.225261
0.001000
0.001000
0.001000
0.001000
0.001000
3.224584
3.224184
0.001000
0.001000
0.001000
0.001000
0.001000
0.001000
0.001000
0.001000
3.226775
0.001000
0.001000
0.001000
3.225067
0.001000
0.001000
0.001000
3.225141
0.001000
3.222366
0.001000
3.223695
0.001000
3.223108
3.222992
0.001000
3.222156
0.001000
0.001000
3.227755
0.001000
0.001000
3.222755
3.225599
0.001000
3.227660
3.224926
0.001000
0.001000
0.001000
0.001000
3.225734
0.001000
0.001000
3.226550
0.001000
3.226713
3.224109
0.001000
0.001000
0.001000
0.001000
0.001000
0.001000
3.228006
0.001000
0.001000
0.001000
0.001000
3.224118
3.227044
0.001000
0.001000
0.001000
0.001000
0.001000
0.001000
0.001000
3.222146
0.001000
0.001000
0.001000
0.001000
3.225220
3.227140
0.001000
3.225937
0.001000
0.001000
3.228264
0.001000
0.001000
0.001000
0.001000
0.001000
3.222313
3.227170
3.226972
3.228291
0.001000
0.001000
0.001000
3.226086
0.001000
0.001000
0.001000
3.225691
0.001000
0.001000
3.221444
0.001000
3.227097
0.001000
0.001000
0.001000
0.001000
3.228160
0.001000
3.223907
0.001000
3.225937
0.001000
0.001000
3.222908
3.224962
0.001000
0.001000
3.227508
0.001000
0.001000
0.001000
3.224922
0.001000
0.001000
0.001000
0.001000
3.223663
0.001000
0.001000
3.224533
3.224137
0.001000
0.001000
0.001000
3.227307
3.225133
0.001000
0.001000
0.001000
3.224962
0.001000
0.001000
0.001000
3.225842
0.001000
0.001000
0.001000
3.225549
3.223591
3.228649
0.001000
0.001000
0.001000
0.001000
0.001000
0.001000
0.001000
0.001000
0.001000
0.001000
0.001000
3.222850
0.001000
3.224843
3.223967
0.001000
3.227530
0.001000
0.001000
0.001000
3.225344
3.224790
3.226337
0.001000
0.001000
3.227761
0.001000
3.228526
0.001000
3.229670
0.001000
0.001000
0.001000
0.001000
3.223517
0.001000
0.001000
3.222307
0.001000
3.226105
0.001000
0.001000
0.001000
0.001000
3.226902
3.223244
0.001000
0.001000
0.001000
3.221735
0.001000
0.001000
0.001000
0.001000
3.226108
0.001000
0.001000
0.001000
0.001000
0.001000
0.001000
0.001000
3.226677
0.001000
0.001000
0.001000
0.001000
3.228515
0.001000
0.001000
3.227614
0.001000
0.001000
0.001000
3.223305
0.001000
0.001000
0.001000
0.001000
3.222910
0.001000
0.001000
0.001000
0.001000
3.225125
0.001000
3.221443
0.001000
3.222658
0.001000
3.227716
0.001000
0.001000
0.001000
3.227779
0.001000
0.001000
0.001000
0.001000
0.001000
0.001000
0.001000
3.226134
3.222924
3.226678
3.227200
0.001000
3.228587
3.226388
0.001000
3.221179
0.001000
0.001000
3.226777
0.001000
0.001000
0.001000
0.001000
3.222926
0.001000
0.001000
0.001000
0.001000
3.224722
0.001000
0.001000
0.001000
3.225742
3.225584
3.224457
0.001000
3.222091
0.001000
3.227134
3.226604
3.226772
0.001000
0.001000
0.001000
0.001000
0.001000
0.001000
0.001000
0.001000
3.225455
0.001000
3.221729
0.001000
0.001000
3.223445
3.229114
0.001000
3.227341
3.223565
3.224638
0.001000
0.001000
0.001000
0.001000
0.001000
3.226331
3.224772
3.227552
3.228941
0.001000
3.223743
0.001000
0.001000
3.224170
0.001000
0.001000
0.001000
3.221552
3.225069
0.001000
3.224098
3.224049
0.001000
0.001000
0.001000
0.001000
3.226682
0.001000
3.226138
3.221134
0.001000
0.001000
3.224058
3.228735
0.001000
0.001000
0.001000
3.226607
0.001000
3.222062
0.001000
0.001000
0.001000
0.001000
0.001000
0.001000
3.226771
0.001000
3.227086
0.001000
3.223321
3.224245
0.001000
3.225182
3.224487
0.001000
0.001000
3.228261
0.001000
3.222912
3.223189
0.001000
0.001000
0.001000
0.001000
0.001000
3.223568
0.001000
0.001000
0.001000
0.001000
3.223723
3.224214
3.224923
0.001000
0.001000
0.001000
0.001000
0.001000
3.223396
3.224133
0.001000
0.001000
0.001000
0.001000
3.224308
0.001000
0.001000
3.227193
3.223682
3.225276
0.001000
3.223742
3.223344
0.001000
0.001000
0.001000
3.221973
3.223080
3.223286
3.223282
3.226520
0.001000
0.001000
3.228045
0.001000
0.001000
3.224881
0.001000
0.001000
0.001000
3.223886
3.224048
0.001000
0.001000
0.001000
0.001000
3.223964
3.228539
0.001000
0.001000
3.228290
0.001000
3.223315
0.001000
0.001000
0.001000
3.226836
3.224858
0.001000
0.001000
0.001000
0.001000
3.224024
0.001000
0.001000
0.001000
0.001000
0.001000
0.001000
3.222282
0.001000
0.001000
3.226274
3.225214
0.001000
3.221905
3.224604
0.001000
0.001000
3.225430
0.001000
0.001000
0.001000
3.225314
3.226462
3.222161
3.227980
0.001000
0.001000
0.001000
0.001000
0.001000
0.001000
3.225821
0.001000
0.001000
0.001000
0.001000
0.001000
0.001000
0.001000
3.221047
0.001000
0.001000
3.225004
0.001000
0.001000
3.226597
3.226139
0.001000
0.001000
0.001000
0.001000
0.001000
3.223761
3.222802
0.001000
0.001000
0.001000
3.225603
0.001000
0.001000
3.227346
0.001000
0.001000
3.226209
0.001000
0.001000
0.001000
0.001000
3.226028
3.223967
3.221712
3.224911
0.001000
0.001000
0.001000
3.225766
0.001000
0.001000
3.221890
3.224485
0.001000
0.001000
0.001000
3.226489
3.225292
0.001000
0.001000
3.228098
3.225143
3.223628
0.001000
3.222727
3.225241
0.001000
0.001000
3.224641
0.001000
0.001000
3.223450
3.225023
0.001000
3.225103
3.227789
3.228207
0.001000
3.224421
0.001000
0.001000
0.001000
0.001000
0.001000
0.001000
0.001000
3.226113
3.221196
0.001000
0.001000
0.001000
0.001000
0.001000
3.225426
0.001000
0.001000
0.001000
3.221754
0.001000
0.001000
0.001000
3.222674
0.001000
0.001000
0.001000
0.001000
0.001000
0.001000
0.001000
3.226577
3.227899
0.001000
0.001000
0.001000
0.001000
0.001000
0.001000
0.001000
0.001000
3.226445
0.001000
0.001000
0.001000
3.224185
0.001000
0.001000
0.001000
3.227553
0.001000
0.001000
0.001000
3.224224
0.001000
0.001000
0.001000
0.001000
0.001000
0.001000
3.224906
0.001000
0.001000
3.224986
0.001000
0.001000
0.001000
3.226846
3.228730
0.001000
0.001000
3.228367
0.001000
0.001000
0.001000
0.001000
3.224864
0.001000
3.227116
0.001000
0.001000
0.001000
0.001000
3.223652
0.001000
0.001000
0.001000
0.001000
0.001000
3.221572
0.001000
0.001000
0.001000
0.001000
0.001000
0.001000
0.001000
3.225262
3.228085
0.001000
3.226622
3.226661
0.001000
3.223333
0.001000
3.222971
0.001000
0.001000
0.001000
3.224672
0.001000
3.223983
3.227850
3.227734
0.001000
0.001000
3.225800
3.224775
3.226370
0.001000
0.001000
0.001000
0.001000
3.229689
3.226121
0.001000
0.001000
0.001000
0.001000
0.001000
3.225546
3.224675
0.001000
0.001000
0.001000
0.001000
0.001000
0.001000
0.001000
3.228228
3.223684
0.001000
0.001000
0.001000
0.001000
0.001000
0.001000
3.225687
3.228798
3.229207
3.226275
0.001000
0.001000
0.001000
3.222359
3.225971
0.001000
3.225201
3.228095
0.001000
3.226773
0.001000
0.001000
0.001000
0.001000
3.227179
0.001000
0.001000
3.223784
3.224200
3.222806
3.225741
0.001000
3.226707
3.225655
3.222519
0.001000
3.229145
3.222238
0.001000
3.226241
0.001000
0.001000
0.001000
0.001000
0.001000
0.001000
3.222780
0.001000
0.001000
0.001000
3.224395
3.226632
0.001000
0.001000
3.223501
3.227839
0.001000
0.001000
0.001000
0.001000
3.226951
3.222946
3.228777
3.225101
0.001000
3.228040
3.227452
0.001000
3.224447
0.001000
0.001000
3.228584
3.225839
3.226280
0.001000
0.001000
0.001000
3.225354
3.225636
0.001000
0.001000
3.225663
3.228158
0.001000
0.001000
0.001000
0.001000
0.001000
0.001000
0.001000
0.001000
3.222035
3.221871
0.001000
0.001000
3.227201
0.001000
3.227629
3.222176
3.225896
0.001000
0.001000
0.001000
0.001000
3.226355
0.001000
3.222761
0.001000
0.001000
0.001000
0.001000
3.225631
0.001000
3.223194
3.226323
3.223122
0.001000
3.224017
0.001000
0.001000
0.001000
0.001000
0.001000
3.223260
3.226784
0.001000
3.226178
0.001000
0.001000
0.001000
3.224748
0.001000
3.227130
0.001000
3.224027
0.001000
0.001000
0.001000
0.001000
0.001000
0.001000
0.001000
0.001000
0.001000
0.001000
3.222565
0.001000
0.001000
0.001000
0.001000
0.001000
0.001000
3.225362
0.001000
0.001000
3.225898
3.225591
3.226552
0.001000
0.001000
0.001000
0.001000
0.001000
0.001000
3.227638
0.001000
0.001000
0.001000
0.001000
3.225198
3.224798
0.001000
0.001000
0.001000
3.224427
3.225681
3.223897
0.001000
3.221807
3.227267
3.224816
3.223360
3.223406
0.001000
3.225824
3.227059
0.001000
3.222899
0.001000
0.001000
0.001000
3.224879
0.001000
0.001000
0.001000
0.001000
0.001000
3.228295
0.001000
0.001000
3.226998
3.226147
0.001000
0.001000
3.226387
3.228204
3.223273
3.227485
3.228750
3.226944
0.001000
0.001000
0.001000
3.224294
3.226867
0.001000
0.001000
0.001000
3.226142
0.001000
0.001000
0.001000
3.229007
0.001000
0.001000
0.001000
0.001000
3.223556
3.223761
0.001000
0.001000
0.001000
0.001000
3.225082
3.221518
0.001000
0.001000
3.222809
3.222756
0.001000
3.224852
0.001000
3.225193
0.001000
0.001000
3.226772
3.227109
0.001000
3.226300
0.001000
3.224590
3.225009
0.001000
0.001000
0.001000
0.001000
0.001000
0.001000
0.001000
0.001000
3.226069
3.227550
0.001000
3.223705
0.001000
0.001000
3.226710
3.221693
0.001000
3.223228
0.001000
3.224380
0.001000
0.001000
0.001000
0.001000
3.222952
3.224701
3.225126
0.001000
3.225323
3.224036
0.001000
0.001000
3.225143
3.226556
0.001000
0.001000
0.001000
0.001000
3.223855
0.001000
3.226905
3.227863
0.001000
0.001000
3.227974
0.001000
0.001000
0.001000
0.001000
3.225724
3.226095
3.226970
3.226977
0.001000
3.222645
3.227756
0.001000
3.224573
3.226157
0.001000
3.224290
3.227714
0.001000
3.224711
3.226558
0.001000
0.001000
0.001000
0.001000
3.229051
3.221186
3.226177
3.226118
3.223952
0.001000
0.001000
0.001000
0.001000
0.001000
3.226335
0.001000
0.001000
3.226420
0.001000
0.001000
3.222622
3.224614
3.227248
0.001000
0.001000
0.001000
0.001000
3.227053
3.226328
0.001000
0.001000
3.228801
0.001000
3.226941
3.229197
0.001000
0.001000
0.001000
3.222837
3.224081
0.001000
0.001000
0.001000
3.227477
3.227322
3.224263
0.001000
0.001000
3.229042
0.001000
0.001000
3.224755
3.227271
0.001000
0.001000
3.227203
3.226248
3.224008
0.001000
3.223365
0.001000
0.001000
0.001000
0.001000
0.001000
3.223156
0.001000
0.001000
0.001000
3.227862
3.224016
0.001000
3.226445
3.225799
0.001000
0.001000
0.001000
0.001000
3.225203
0.001000
0.001000
0.001000
0.001000
0.001000
3.226515
0.001000
0.001000
0.001000
3.223805
0.001000
0.001000
3.227054
0.001000
3.225219
3.224983
3.221823
3.228588
0.001000
0.001000
0.001000
3.227131
3.228336
0.001000
3.229462
0.001000
3.225420
0.001000
0.001000
3.223577
3.224659
0.001000
3.224770
0.001000
3.225881
0.001000
0.001000
3.224990
3.228688
0.001000
0.001000
3.229312
3.225322
0.001000
0.001000
3.223597
3.224150
0.001000
3.227429
0.001000
3.224450
0.001000
0.001000
0.001000
0.001000
0.001000
0.001000
0.001000
0.001000
0.001000
0.001000
0.001000
0.001000
3.228604
0.001000
0.001000
0.001000
0.001000
3.226908
3.223769
0.001000
3.223711
3.227945
0.001000
3.225363
0.001000
0.001000
3.223285
0.001000
3.226089
0.001000
0.001000
3.224350
3.223505
0.001000
3.227524
3.224117
3.222959
0.001000
0.001000
0.001000
0.001000
3.225983
0.001000
0.001000
3.225692
3.225850
3.222769
3.228600
0.001000
3.223642
0.001000
3.226878
0.001000
3.224656
3.225392
0.001000
3.228416
0.001000
0.001000
0.001000
3.224008
3.225177
0.001000
0.001000
3.226096
3.225934
0.001000
3.223951
3.223847
0.001000
0.001000
3.227306
3.222770
0.001000
0.001000
3.224519
0.001000
3.226730
0.001000
0.001000
0.001000
0.001000
0.001000
0.001000
3.226516
3.226853
0.001000
0.001000
0.001000
3.222710
0.001000
0.001000
0.001000
0.001000
0.001000
0.001000
0.001000
3.227824
0.001000
0.001000
0.001000
0.001000
3.226327
3.221476
0.001000
0.001000
0.001000
3.223086
3.224190
3.223625
3.225436
0.001000
3.227489
0.001000
3.223901
0.001000
0.001000
0.001000
0.001000
3.226370
3.226376
3.226901
0.001000
0.001000
0.001000
0.001000
0.001000
0.001000
0.001000
0.001000
3.226331
3.227579
3.224740
0.001000
3.224858
0.001000
3.222976
0.001000
3.228002
3.226053
0.001000
3.226348
0.001000
3.225704
3.222815
0.001000
3.222796
0.001000
3.228288
3.227668
0.001000
0.001000
3.226156
0.001000
3.223563
3.223713
0.001000
0.001000
3.221867
3.225542
3.226169
3.225864
3.222627
3.227459
3.226023
0.001000
0.001000
3.225268
0.001000
3.225018
3.227018
3.227413
0.001000
0.001000
0.001000
3.228214
3.227638
0.001000
0.001000
3.224793
0.001000
3.224819
0.001000
0.001000
0.001000
0.001000
0.001000
3.227385
0.001000
3.228580
3.224764
3.226524
0.001000
0.001000
3.228791
0.001000
0.001000
0.001000
3.227051
3.224228
0.001000
0.001000
3.226470
3.228687
3.225591
3.228164
3.226631
3.228227
3.224273
0.001000
0.001000
0.001000
0.001000
0.001000
0.001000
3.225005
0.001000
3.227070
3.224329
3.223070
0.001000
3.223503
0.001000
3.226123
0.001000
3.224655
3.227094
3.224733
0.001000
3.222839
3.222058
0.001000
0.001000
3.225678
0.001000
0.001000
0.001000
3.225104
0.001000
0.001000
3.226513
3.223603
0.001000
0.001000
3.224039
3.222360
3.228354
0.001000
3.224714
0.001000
0.001000
0.001000
0.001000
0.001000
3.227350
3.225634
0.001000
0.001000
0.001000
0.001000
3.224878
0.001000
0.001000
0.001000
0.001000
3.222326
3.223982
0.001000
0.001000
3.224482
0.001000
0.001000
3.227844
3.227125
0.001000
0.001000
0.001000
0.001000
0.001000
0.001000
0.001000
0.001000
0.001000
3.224811
3.226690
0.001000
0.001000
3.227367
3.223653
0.001000
0.001000
0.001000
0.001000
0.001000
0.001000
0.001000
0.001000
0.001000
0.001000
0.001000
3.226452
3.227485
0.001000
3.226906
3.224983
3.227492
0.001000
0.001000
0.001000
0.001000
3.223013
3.223859
3.222438
0.001000
3.224376
3.225640
0.001000
3.222162
0.001000
3.223499
3.227578
3.225833
0.001000
3.224933
0.001000
0.001000
0.001000
3.224036
3.227557
3.223598
0.001000
0.001000
3.223511
3.225783
3.222112
3.223640
0.001000
0.001000
0.001000
0.001000
0.001000
0.001000
3.224733
3.222713
0.001000
3.226353
3.226888
0.001000
3.226853
3.223797
0.001000
3.225466
0.001000
3.226823
0.001000
0.001000
0.001000
0.001000
0.001000
0.001000
3.229423
0.001000
3.226759
3.225179
0.001000
0.001000
0.001000
3.225113
0.001000
0.001000
0.001000
0.001000
0.001000
3.223589
3.224490
3.223674
0.001000
0.001000
3.228784
0.001000
0.001000
0.001000
3.225271
0.001000
0.001000
0.001000
0.001000
0.001000
0.001000
3.228104
0.001000
3.225783
3.229383
3.228783
0.001000
3.226380
3.227178
0.001000
0.001000
3.226386
0.001000
3.226535
0.001000
0.001000
0.001000
3.227229
0.001000
0.001000
3.225461
3.228732
3.228240
3.228685
0.001000
3.223239
3.226286
0.001000
3.227738
0.001000
0.001000
0.001000
0.001000
3.226191
3.226890
0.001000
0.001000
3.226045
0.001000
3.227437
0.001000
0.001000
3.224017
0.001000
3.223346
0.001000
3.224599
3.225041
3.227159
3.225073
0.001000
0.001000
0.001000
0.001000
0.001000
0.001000
3.224553
3.224359
3.226679
3.224087
3.223968
3.225342
0.001000
0.001000
0.001000
3.223934
0.001000
3.225163
3.223720
3.224598
0.001000
3.221307
3.224974
3.225092
0.001000
0.001000
0.001000
0.001000
3.227714
3.228162
0.001000
0.001000
0.001000
3.223355
3.225432
0.001000
3.224998
3.226693
0.001000
3.226989
3.226969
0.001000
3.225975
3.221994
3.227644
3.223428
0.001000
0.001000
3.226510
0.001000
0.001000
3.227278
0.001000
3.224728
0.001000
3.225926
3.225143
0.001000
3.224415
3.224464
3.224395
0.001000
0.001000
3.225810
3.225116
3.225678
0.001000
0.001000
3.229585
0.001000
0.001000
0.001000
3.223670
0.001000
3.227328
0.001000
3.227910
3.226554
0.001000
0.001000
0.001000
3.225921
0.001000
0.001000
3.223081
3.224534
0.001000
0.001000
0.001000
0.001000
3.223042
0.001000
0.001000
3.227491
3.227376
3.227704
0.001000
0.001000
0.001000
0.001000
0.001000
0.001000
0.001000
3.222752
3.227643
0.001000
0.001000
3.226513
0.001000
3.221672
0.001000
3.223906
0.001000
0.001000
3.222276
0.001000
0.001000
3.223338
3.225590
3.227969
0.001000
0.001000
0.001000
0.001000
0.001000
3.225000
3.226300
0.001000
0.001000
0.001000
3.222823
0.001000
0.001000
3.227881
3.222217
0.001000
3.228228
0.001000
0.001000
3.228092
3.226761
0.001000
0.001000
0.001000
0.001000
3.225103
0.001000
3.225579
0.001000
3.223898
0.001000
3.227623
0.001000
3.224170
3.221884
3.224241
3.227353
0.001000
3.224026
3.226494
0.001000
3.226931
0.001000
0.001000
0.001000
0.001000
0.001000
3.229405
0.001000
0.001000
3.225680
0.001000
0.001000
0.001000
3.224904
0.001000
0.001000
0.001000
3.226016
3.225709
3.229885
0.001000
3.226810
3.226391
3.223551
0.001000
0.001000
3.225996
3.223081
3.223641
0.001000
3.226065
3.222896
0.001000
0.001000
0.001000
0.001000
0.001000
0.001000
0.001000
3.228043
0.001000
3.223549
0.001000
3.223778
0.001000
0.001000
3.226747
0.001000
0.001000
3.222578
3.224534
3.224209
3.223788
0.001000
3.227008
3.225675
0.001000
0.001000
0.001000
0.001000
0.001000
3.224105
3.224385
3.226871
3.225625
0.001000
3.226116
3.223599
3.229027
0.001000
3.223046
3.222466
3.224363
0.001000
3.228670
0.001000
0.001000
3.225781
0.001000
0.001000
0.001000
0.001000
0.001000
3.227826
3.223791
0.001000
3.227194
0.001000
3.221240
0.001000
0.001000
0.001000
0.001000
3.228185
0.001000
0.001000
3.224908
0.001000
3.226538
0.001000
0.001000
0.001000
0.001000
0.001000
3.228439
0.001000
0.001000
0.001000
0.001000
3.223985
0.001000
0.001000
0.001000
3.223959
0.001000
0.001000
0.001000
0.001000
3.227928
3.224952
3.227832
0.001000
3.225622
0.001000
0.001000
3.226046
3.223459
3.223080
0.001000
3.224003
0.001000
0.001000
3.222617
0.001000
0.001000
0.001000
0.001000
0.001000
0.001000
0.001000
3.224904
0.001000
0.001000
0.001000
3.227127
0.001000
0.001000
3.222763
3.222498
3.228838
0.001000
3.227377
3.227718
3.227464
3.224143
0.001000
3.227866
0.001000
3.228615
3.222710
3.225725
0.001000
0.001000
0.001000
0.001000
0.001000
3.222979
3.221333
3.227317
0.001000
0.001000
0.001000
3.225247
3.224800
3.228504
3.225824
0.001000
3.224904
0.001000
0.001000
0.001000
3.224672
0.001000
0.001000
0.001000
0.001000
0.001000
0.001000
0.001000
0.001000
0.001000
0.001000
3.226044
0.001000
0.001000
0.001000
3.225449
0.001000
0.001000
3.228593
0.001000
0.001000
3.226379
0.001000
3.225405
3.227006
3.227256
0.001000
0.001000
0.001000
3.224321
3.226702
0.001000
0.001000
3.224698
3.225363
0.001000
3.226360
3.226890
0.001000
0.001000
3.227082
0.001000
3.226495
3.224195
3.221579
3.221341
0.001000
3.228048
3.222655
0.001000
0.001000
0.001000
3.223712
0.001000
0.001000
0.001000
3.221620
0.001000
0.001000
3.224404
3.228742
3.225755
3.223566
3.223463
3.227927
3.229178
0.001000
3.223573
3.221799
0.001000
0.001000
3.225946
0.001000
3.224470
3.225430
3.223221
3.224593
0.001000
0.001000
0.001000
3.227864
0.001000
3.227622
3.222479
3.222443
0.001000
0.001000
0.001000
0.001000
3.223495
3.228817
0.001000
3.224568
0.001000
0.001000
0.001000
3.223226
0.001000
3.227266
0.001000
0.001000
0.001000
3.224364
0.001000
0.001000
0.001000
0.001000
3.224647
3.223912
3.226510
3.221545
0.001000
0.001000
0.001000
3.225846
0.001000
0.001000
0.001000
0.001000
3.224964
0.001000
3.225281
3.227052
3.223398
3.224831
0.001000
3.223776
3.227477
0.001000
0.001000
0.001000
0.001000
0.001000
0.001000
0.001000
0.001000
3.225229
3.228372
0.001000
0.001000
3.226622
3.225870
3.225216
3.225118
3.224345
0.001000
3.226169
0.001000
3.223516
0.001000
0.001000
3.225951
0.001000
0.001000
0.001000
0.001000
0.001000
3.225244
3.225295
3.225500
0.001000
0.001000
0.001000
3.227333
0.001000
0.001000
0.001000
0.001000
3.224252
3.223437
3.226132
0.001000
0.001000
3.223010
0.001000
3.226007
3.228845
3.222019
0.001000
0.001000
3.224355
3.228059
3.225725
3.223948
3.226512
3.226944
0.001000
0.001000
0.001000
3.225888
0.001000
0.001000
3.222530
0.001000
3.225165
3.226635
3.228555
0.001000
0.001000
3.225990
0.001000
3.222082
3.227140
0.001000
0.001000
0.001000
0.001000
0.001000
0.001000
3.225954
0.001000
3.226268
0.001000
0.001000
3.228623
3.223868
3.224547
0.001000
3.223782
3.221997
3.224333
0.001000
3.226655
0.001000
3.224362
3.225268
3.224861
3.224897
0.001000
0.001000
3.223568
0.001000
0.001000
0.001000
0.001000
0.001000
0.001000
3.228317
0.001000
0.001000
3.226808
3.225516
3.226181
3.225636
3.224175
3.223969
0.001000
3.224324
0.001000
0.001000
3.225596
3.225834
3.226683
0.001000
0.001000
0.001000
3.222402
0.001000
0.001000
0.001000
0.001000
0.001000
0.001000
0.001000
3.223306
3.226284
3.226162
3.226016
0.001000
0.001000
0.001000
0.001000
3.226374
0.001000
0.001000
0.001000
0.001000
0.001000
3.226775
0.001000
0.001000
3.223761
0.001000
3.227444
3.227362
0.001000
3.229524
0.001000
0.001000
0.001000
3.223669
0.001000
0.001000
0.001000
0.001000
0.001000
0.001000
3.223513
3.226271
0.001000
3.222267
0.001000
3.226405
3.222872
3.222783
3.229331
3.226011
3.225065
3.227260
0.001000
3.226187
3.226103
0.001000
0.001000
0.001000
3.224294
0.001000
3.226996
3.223586
3.226566
0.001000
0.001000
0.001000
0.001000
0.001000
3.225741
0.001000
0.001000
0.001000
0.001000
3.226122
0.001000
3.229527
3.225877
3.228034
3.226467
3.227627
0.001000
0.001000
0.001000
3.225267
3.222988
3.226578
3.228278
3.224587
0.001000
0.001000
3.222671
3.224092
0.001000
3.226129
0.001000
0.001000
0.001000
3.227743
0.001000
0.001000
0.001000
3.228737
3.226427
3.226180
3.224180
0.001000
0.001000
0.001000
0.001000
0.001000
0.001000
3.222451
3.228552
0.001000
0.001000
3.225580
3.222924
3.225484
3.225373
0.001000
3.223179
0.001000
0.001000
0.001000
0.001000
0.001000
0.001000
0.001000
0.001000
0.001000
0.001000
3.227668
0.001000
0.001000
0.001000
3.228998
3.223110
0.001000
3.224032
3.225328
3.228962
0.001000
0.001000
3.224369
0.001000
0.001000
3.223703
0.001000
0.001000
3.229458
0.001000
0.001000
0.001000
3.227359
0.001000
3.227745
0.001000
3.226816
0.001000
3.224001
0.001000
3.227621
0.001000
0.001000
0.001000
0.001000
0.001000
3.223847
0.001000
0.001000
0.001000
3.225849
3.228144
0.001000
3.224629
3.227142
3.223424
3.226387
