0.344147
0.343229
0.344375
0.347575
0.175510
0.001000
0.347335
0.177870
0.346942
0.347344
0.179080
0.177598
0.346146
0.001000
0.001000
0.343985
0.344394
0.344865
0.176482
0.177410
0.176287
0.176580
0.175832
0.343997
0.177081
0.347712
0.348953
0.001000
0.343749
0.346498
0.174467
0.343773
0.344049
0.178946
0.176995
0.345328
0.001000
0.346045
0.001000
0.345324
0.177705
0.346277
0.179056
0.001000
0.001000
0.001000
0.344885
0.347210
0.346300
0.343501
0.347617
0.344408
0.341858
0.001000
0.344072
0.344613
0.178682
0.001000
0.344218
0.347737
0.342496
0.001000
0.347221
0.001000
0.001000
0.177292
0.176063
0.001000
0.001000
0.178000
0.345797
0.347665
0.001000
0.001000
0.344888
0.347806
0.347377
0.347442
0.342875
0.346648
0.177750
0.177413
0.344143
0.343706
0.001000
0.001000
0.343551
0.174150
0.342880
0.177886
0.001000
0.346932
0.176869
0.345025
0.347065
0.001000
0.347508
0.343881
0.178437
0.345213
0.341973
0.177669
0.345884
0.178035
0.342181
0.347432
0.346111
0.345847
0.343884
0.001000
0.001000
0.177280
0.343314
0.345367
0.001000
0.001000
0.001000
0.344195
0.001000
0.001000
0.345864
0.001000
0.175796
0.347148
0.349270
0.001000
0.001000
0.178884
0.001000
0.176625
0.175761
0.342946
0.343537
0.344868
0.344696
0.343585
0.348213
0.001000
0.176741
0.345977
0.342667
0.176738
0.344899
0.177997
0.346602
0.346019
0.342438
0.001000
0.345087
0.177177
0.177590
0.001000
0.001000
0.177754
0.344410
0.176461
0.001000
0.347556
0.175418
0.346879
0.001000
0.349218
0.344359
0.176784
0.174494
0.346937
0.177037
0.001000
0.176962
0.001000
0.175152
0.348520
0.344915
0.176043
0.349166
0.176851
0.178185
0.176326
0.345896
0.176538
0.177409
0.344220
0.346662
0.176758
0.001000
0.344132
0.178813
0.001000
0.177103
0.001000
0.001000
0.175735
0.346328
0.349047
0.175471
0.346028
0.177156
0.349848
0.348160
0.001000
0.001000
0.001000
0.346368
0.344355
0.174864
0.178379
0.176474
0.176819
0.174357
0.342517
0.177626
0.346013
0.001000
0.177360
0.344619
0.175997
0.343129
0.347297
0.001000
0.175885
0.177125
0.001000
0.001000
0.176102
0.344684
0.001000
0.343178
0.001000
0.001000
0.001000
0.001000
0.001000
0.343485
0.346511
0.174963
0.001000
0.177798
0.177546
0.178605
0.178245
0.001000
0.177308
0.001000
0.348941
0.176850
0.345122
0.349539
0.001000
0.345484
0.344451
0.346265
0.347618
0.174721
0.174888
0.348893
0.347335
0.178010
0.178181
0.343645
0.343372
0.343367
0.349571
0.346218
0.176529
0.342031
0.345216
0.344480
0.347177
0.176827
0.176786
0.001000
0.345959
0.343121
0.176873
0.177999
0.344811
0.347807
0.001000
0.176906
0.346924
0.344575
0.177211
0.344326
0.001000
0.344608
0.001000
0.001000
0.001000
0.177959
0.174600
0.345881
0.345943
0.001000
0.348326
0.001000
0.177538
0.344211
0.345745
0.176939
0.176426
0.001000
0.177268
0.346019
0.175790
0.175377
0.179486
0.001000
0.178830
0.177033
0.175201
0.177229
0.001000
0.342291
0.344899
0.175030
0.346526
0.345797
0.001000
0.001000
0.001000
0.344710
0.176275
0.176529
0.345252
0.177982
0.001000
0.348820
0.342874
0.176444
0.347249
0.346838
0.344483
0.179508
0.348352
0.342673
0.177415
0.001000
0.346434
0.344432
0.346650
0.001000
0.176303
0.343917
0.343579
0.178340
0.344535
0.345723
0.001000
0.345753
0.348809
0.345493
0.343911
0.347181
0.001000
0.344761
0.344356
0.347057
0.345459
0.001000
0.001000
0.345545
0.001000
0.176257
0.349110
0.341889
0.178027
0.346626
0.348181
0.343689
0.178926
0.001000
0.177436
0.344542
0.174997
0.176945
0.001000
0.178461
0.178765
0.179286
0.342962
0.178822
0.344103
0.001000
0.347541
0.179003
0.177767
0.347402
0.001000
0.347188
0.177777
0.344156
0.176043
0.345784
0.348090
0.176387
0.342354
0.178644
0.345957
0.178010
0.344955
0.001000
0.342908
0.346733
0.344612
0.345028
0.344537
0.177899
0.178770
0.177146
0.001000
0.344478
0.347145
0.341302
0.346838
0.342204
0.001000
0.175771
0.344953
0.344072
0.343598
0.345857
0.345253
0.345221
0.176553
0.177345
0.177256
0.346102
0.344516
0.177430
0.001000
0.177108
0.348044
0.343055
0.175334
0.342942
0.348032
0.174830
0.341940
0.343720
0.178246
0.176073
0.177395
0.345884
0.343973
0.175489
0.347155
0.345128
0.001000
0.349545
0.343465
0.344602
0.343015
0.344349
0.175530
0.345575
0.174376
0.001000
0.348543
0.343630
0.344603
0.001000
0.178782
0.345313
0.346462
0.345345
0.344977
0.001000
0.347502
0.344404
0.342586
0.177952
0.179049
0.176903
0.343905
0.349522
0.344576
0.177241
0.343635
0.343962
0.346474
0.341401
0.175833
0.347348
0.344753
0.347403
0.344755
0.001000
0.346978
0.345571
0.347351
0.177544
0.178020
0.001000
0.177771
0.345070
0.348207
0.176599
0.001000
0.342549
0.174449
0.348582
0.176856
0.177160
0.175898
0.347458
0.001000
0.001000
0.001000
0.001000
0.343258
0.346200
0.343540
0.176542
0.347186
0.341801
0.177055
0.001000
0.344420
0.176784
0.344390
0.175089
0.001000
0.174977
0.346126
0.178165
0.343516
0.174981
0.001000
0.001000
0.343362
0.342335
0.178970
0.348393
0.175423
0.346199
0.174633
0.342105
0.176022
0.174431
0.001000
0.178109
0.001000
0.001000
0.345540
0.342988
0.344817
0.176674
0.001000
0.342116
0.001000
0.176991
0.348798
0.001000
0.347139
0.346850
0.174647
0.347281
0.001000
0.176737
0.176021
0.001000
0.001000
0.175073
0.176565
0.341524
0.177191
0.344508
0.343815
0.344976
0.342971
0.179857
0.348129
0.342077
0.176750
0.001000
0.178544
0.343399
0.345648
0.345165
0.174899
0.343831
0.347120
0.346522
0.001000
0.179353
0.343521
0.001000
0.349780
0.349113
0.347447
0.346991
0.345106
0.347902
0.001000
0.342362
0.344791
0.001000
0.178646
0.343798
0.342401
0.001000
0.177511
0.346890
0.177059
0.343965
0.342946
0.001000
0.001000
0.001000
0.347190
0.349465
0.349135
0.344059
0.175980
0.176718
0.346197
0.178025
0.001000
0.343163
0.343923
0.347691
0.344498
0.347349
0.175448
0.342540
0.347047
0.174622
0.347107
0.349219
0.344182
0.177607
0.344471
0.001000
0.001000
0.345280
0.001000
0.178760
0.343201
0.348352
0.346208
0.344754
0.176969
0.346229
0.344315
0.345268
0.346516
0.344001
0.347969
0.176762
0.001000
0.001000
0.344199
0.175066
0.176986
0.001000
0.001000
0.342867
0.344745
0.341967
0.344689
0.344771
0.347797
0.343229
0.178198
0.176747
0.001000
0.341299
0.176004
0.347960
0.001000
0.346797
0.177971
0.342557
0.177383
0.344446
0.176730
0.343298
0.179835
0.342885
0.176925
0.345598
0.176254
0.345090
0.346464
0.346241
0.175851
0.347130
0.178772
0.342970
0.001000
0.346941
0.345674
0.345746
0.347532
0.348411
0.176264
0.347868
0.179063
0.344670
0.348153
0.343486
0.342637
0.348062
0.346167
0.175796
0.346391
0.346482
0.346805
0.344327
0.001000
0.348306
0.344949
0.344616
0.001000
0.345677
0.176783
0.346732
0.178344
0.344823
0.343805
0.175878
0.001000
0.177820
0.001000
0.343223
0.176978
0.347881
0.349448
0.177369
0.347955
0.177467
0.179954
0.178716
0.179012
0.346357
0.177671
0.177490
0.349502
0.001000
0.176767
0.177224
0.346757
0.177923
0.346553
0.342923
0.177238
0.348821
0.346894
0.344892
0.347271
0.342011
0.348837
0.001000
0.345575
0.343618
0.177510
0.177389
0.347336
0.175887
0.344684
0.175563
0.001000
0.345546
0.001000
0.001000
0.178178
0.177881
0.345779
0.178917
0.344663
0.343632
0.344154
0.342077
0.176011
0.343226
0.344863
0.342977
0.342146
0.347728
0.001000
0.001000
0.347685
0.001000
0.343237
0.346584
0.346928
0.343150
0.342469
0.178231
0.177231
0.001000
0.178585
0.001000
0.344009
0.344797
0.178228
0.001000
0.348284
0.344758
0.175642
0.178669
0.348098
0.178063
0.001000
0.346041
0.348770
0.345603
0.001000
0.344364
0.001000
0.178684
0.348674
0.347464
0.347225
0.343640
0.001000
0.177727
0.001000
0.346098
0.347652
0.342798
0.001000
0.176166
0.343697
0.346641
0.342924
0.001000
0.001000
0.001000
0.001000
0.178474
0.343676
0.346238
0.345122
0.176304
0.344189
0.178725
0.346748
0.345880
0.001000
0.001000
0.343003
0.001000
0.345743
0.001000
0.001000
0.343430
0.177081
0.001000
0.344258
0.346775
0.345501
0.344302
0.344119
0.342413
0.177587
0.345571
0.175141
0.346454
0.347450
0.176692
0.177762
0.344815
0.344140
0.176062
0.001000
0.177873
0.346343
0.343960
0.176502
0.177559
0.343397
0.179051
0.347541
0.343329
0.343540
0.343827
0.346340
0.176751
0.175423
0.345476
0.346349
0.345197
0.001000
0.344770
0.344182
0.344522
0.348644
0.344349
0.001000
0.001000
0.175937
0.177015
0.345771
0.001000
0.347605
0.177961
0.001000
0.345540
0.343317
0.001000
0.344822
0.001000
0.345617
0.177796
0.001000
0.177124
0.001000
0.178781
0.001000
0.001000
0.344025
0.176157
0.001000
0.177471
0.001000
0.001000
0.344353
0.348878
0.346175
0.001000
0.001000
0.001000
0.174941
0.347432
0.344812
0.346881
0.343394
0.346157
0.176825
0.001000
0.348134
0.177763
0.345658
0.346322
0.001000
0.177092
0.178199
0.345285
0.001000
0.347128
0.001000
0.344500
0.001000
0.344974
0.176900
0.178889
0.176498
0.344473
0.001000
0.348314
0.345712
0.346756
0.001000
0.347875
0.177826
0.176678
0.001000
0.345872
0.178519
0.347237
0.001000
0.345392
0.343196
0.176217
0.348491
0.001000
0.001000
0.175483
0.001000
0.177739
0.344526
0.346746
0.177519
0.001000
0.342945
0.001000
0.001000
0.174736
0.175707
0.001000
0.345678
0.343535
0.343527
0.344472
0.345132
0.001000
0.177158
0.178183
0.176369
0.344618
0.175544
0.343852
0.344330
0.344812
0.001000
0.342404
0.347892
0.177809
0.175035
0.176035
0.348202
0.344942
0.344141
0.177970
0.001000
0.343758
0.175980
0.176038
0.346075
0.177942
0.346159
0.174242
0.177866
0.347784
0.348165
0.176250
0.344877
0.347836
0.001000
0.001000
0.341900
0.347127
0.001000
0.001000
0.001000
0.001000
0.346447
0.176442
0.001000
0.348000
0.001000
0.346151
0.001000
0.342440
0.177701
0.001000
0.177062
0.346757
0.349381
0.347018
0.001000
0.178016
0.177082
0.348655
0.177309
0.343035
0.347910
0.346528
0.001000
0.347858
0.001000
0.177814
0.176573
0.178190
0.345680
0.346293
0.344811
0.344591
0.347988
0.345558
0.001000
0.346901
0.341841
0.346358
0.176713
0.343961
0.178642
0.001000
0.346074
0.176227
0.345541
0.346634
0.001000
0.001000
0.344232
0.346581
0.345023
0.343212
0.176504
0.343767
0.179290
0.001000
0.001000
0.176305
0.348153
0.346357
0.343770
0.178251
0.343592
0.001000
0.178303
0.179646
0.345678
0.348464
0.344006
0.343876
0.178758
0.345798
0.345703
0.176666
0.342522
0.344353
0.343668
0.342542
0.347196
0.344893
0.179537
0.345401
0.175732
0.001000
0.176435
0.343957
0.001000
0.343758
0.001000
0.179399
0.179518
0.001000
0.001000
0.176226
0.346158
0.176390
0.346085
0.175430
0.001000
0.001000
0.343313
0.347651
0.342865
0.343487
0.347865
0.348913
0.176876
0.001000
0.001000
0.001000
0.177524
0.345249
0.175552
0.345688
0.342406
0.176801
0.347952
0.175301
0.178347
0.176593
0.001000
0.346873
0.346127
0.343681
0.344991
0.177886
0.344437
0.343692
0.001000
0.001000
0.001000
0.344600
0.346319
0.345959
0.346348
0.347026
0.175336
0.001000
0.343319
0.344233
0.001000
0.346528
0.176098
0.343839
0.178671
0.177459
0.001000
0.345742
0.176290
0.348019
0.343388
0.344039
0.001000
0.178817
0.176556
0.348324
0.345665
0.176437
0.344030
0.001000
0.001000
0.179550
0.349443
0.001000
0.348688
0.177319
0.341640
0.001000
0.344159
0.001000
0.344413
0.177664
0.177181
0.001000
0.001000
0.001000
0.347081
0.174603
0.348750
0.341901
0.176087
0.346668
0.343242
0.346208
0.001000
0.001000
0.177415
0.179562
0.178085
0.175515
0.001000
0.347261
0.001000
0.347710
0.178579
0.177275
0.345034
0.176534
0.346978
0.347587
0.175288
0.175733
0.346879
0.348318
0.001000
0.344963
0.175623
0.177576
0.001000
0.001000
0.345521
0.177779
0.345360
0.176004
0.345090
0.176169
0.344656
0.345439
0.001000
0.345254
0.001000
0.178574
0.175135
0.344731
0.342032
0.343534
0.175424
0.344765
0.178867
0.001000
0.341742
0.348155
0.343871
0.347176
0.001000
0.001000
0.347699
0.345533
0.344530
0.342034
0.345069
0.177087
0.346285
0.177584
0.345182
0.346571
0.346495
0.001000
0.001000
0.346205
0.346234
0.179074
0.175665
0.346738
0.176694
0.346371
0.347587
0.178450
0.342639
0.347941
0.343681
0.344979
0.342496
0.001000
0.341744
0.174607
0.344629
0.175131
0.177162
0.001000
0.178467
0.345590
0.346542
0.176734
0.178596
0.001000
0.347012
0.343581
0.345196
0.001000
0.346364
0.341712
0.001000
0.001000
0.343266
0.348903
0.177155
0.174056
0.177547
0.175187
0.343057
0.345678
0.347777
0.176183
0.347864
0.346027
0.343941
0.001000
0.001000
0.175555
0.344218
0.177496
0.345550
0.178145
0.175304
0.346871
0.001000
0.343351
0.348186
0.343088
0.001000
0.345589
0.345136
0.177690
0.347680
0.342866
0.345497
0.344326
0.342358
0.343473
0.346251
0.342445
0.348021
0.177762
0.175347
0.175297
0.348540
0.177877
0.001000
0.344286
0.177108
0.175879
0.348999
0.346572
0.345705
0.343046
0.344689
0.178703
0.001000
0.177335
0.346109
0.001000
0.344531
0.001000
0.348859
0.346400
0.344111
0.178485
0.001000
0.001000
0.344622
0.001000
0.001000
0.341716
0.342196
0.177776
0.346376
0.346509
0.177942
0.177834
0.178768
0.178119
0.001000
0.001000
0.001000
0.346023
0.346008
0.348502
0.346464
0.346517
0.001000
0.347173
0.347529
0.346767
0.346653
0.345178
0.342962
0.346725
0.348194
0.344499
0.175991
0.347093
0.178256
0.176982
0.342743
0.001000
0.345258
0.345837
0.349051
0.179641
0.176779
0.348773
0.344808
0.346057
0.342188
0.345541
0.341556
0.342707
0.348308
0.177410
0.175488
0.345927
0.177254
0.349624
0.344745
0.177946
0.001000
0.001000
0.345050
0.176058
0.178018
0.345273
0.342402
0.001000
0.174767
0.175605
0.349265
0.001000
0.001000
0.348512
0.348544
0.001000
0.343750
0.001000
0.177841
0.175636
0.177234
0.001000
0.001000
0.347878
0.344340
0.347354
0.177253
0.343942
0.175179
0.343475
0.349047
0.178579
0.001000
0.001000
0.176422
0.345342
0.346964
0.342929
0.342209
0.349667
0.001000
0.177287
0.343230
0.001000
0.001000
0.001000
0.347695
0.349277
0.177569
0.176500
0.342217
0.001000
0.346819
0.343199
0.343327
0.001000
0.175029
0.001000
0.175160
0.178024
0.001000
0.177130
0.001000
0.177197
0.176875
0.345546
0.347208
0.178011
0.344314
0.001000
0.343977
0.176757
0.001000
0.344406
0.177326
0.346692
0.345685
0.177526
0.346358
0.343606
0.343982
0.001000
0.176509
0.176094
0.341149
0.346201
0.345722
0.001000
0.343704
0.175140
0.345212
0.001000
0.345702
0.344201
0.178035
0.176680
0.177365
0.175733
0.175795
0.001000
0.342512
0.341667
0.348350
0.348611
0.342907
0.348884
0.346456
0.176381
0.344067
0.001000
0.176820
0.176611
0.343988
0.346738
0.346601
0.001000
0.346856
0.345092
0.344778
0.345227
0.345862
0.346215
0.176676
0.175888
0.346520
0.345395
0.349230
0.001000
0.177283
0.176553
0.177554
0.001000
0.346072
0.347464
0.001000
0.175132
0.176946
0.174601
0.347492
0.347633
0.344283
0.343687
0.346478
0.175899
0.177649
0.342612
0.001000
0.345002
0.178210
0.343768
0.347739
0.344284
0.178037
0.178629
0.177057
0.344933
0.342424
0.346459
0.001000
0.177063
0.346900
0.345018
0.345780
0.348258
0.001000
0.344788
0.177553
0.175718
0.346477
0.174599
0.177472
0.344700
0.176726
0.346287
0.344568
0.345894
0.177273
0.001000
0.178703
0.174776
0.347252
0.176065
0.176250
0.346658
0.341764
0.177095
0.001000
0.177545
0.347520
0.345305
0.345066
0.343230
0.176524
0.344424
0.177876
0.341732
0.343098
0.346024
0.176709
0.344095
0.344625
0.176451
0.177455
0.348487
0.174707
0.348401
0.347371
0.346077
0.346479
0.348988
0.344213
0.345141
0.001000
0.348452
0.344123
0.346110
0.347875
0.343417
0.347944
0.343143
0.176547
0.344164
0.343748
0.175682
0.176450
0.174739
0.345790
0.345618
0.174756
0.346100
0.001000
0.343271
0.345547
0.344073
0.175936
0.345972
0.177314
0.001000
0.345427
0.345177
0.001000
0.346921
0.001000
0.176497
0.178037
0.176102
0.177995
0.001000
0.346785
0.175367
0.001000
0.001000
0.176012
0.343762
0.177706
0.177772
0.347066
0.175597
0.177824
0.348218
0.347895
0.176773
0.174595
0.345913
0.346117
0.179922
0.346264
0.001000
0.176139
0.177400
0.174958
0.175666
0.001000
0.344108
0.342562
0.343716
0.176939
0.175846
0.348236
0.342639
0.001000
0.344357
0.343370
0.175307
0.347830
0.345657
0.177275
0.176073
0.345509
0.347304
0.177257
0.344316
0.346810
0.176630
0.345233
0.177672
0.346730
0.345580
0.347740
0.343356
0.176085
0.175644
0.341627
0.001000
0.175676
0.178058
0.177758
0.347500
