0.026626
0.026526
0.029475
0.030538
0.029575
0.029186
0.021080
0.025045
0.017523
0.030379
0.031740
0.030064
0.028953
0.026024
0.018916
0.029299
0.026030
0.019689
0.028889
0.027589
0.026220
0.027314
0.032897
0.025444
0.025909
0.018365
0.029309
0.026622
0.018778
0.025621
0.028852
0.030956
0.030583
0.018905
0.001000
0.029179
0.029010
0.027940
0.031184
0.020912
0.028579
0.026664
0.028021
0.020566
0.019676
0.019153
0.018759
0.018778
0.032887
0.017742
0.001000
0.028783
0.001000
0.001000
0.001000
0.001000
0.001000
0.001000
0.001000
0.001000
0.029031
0.001000
0.001000
0.024890
0.030206
0.020350
0.019003
0.019353
0.019183
0.017460
0.021136
0.018467
0.018470
0.029826
0.019229
0.029589
0.019526
0.020410
0.017693
0.019524
0.016878
0.017368
0.019237
0.025785
0.025384
0.017422
0.018734
0.029103
0.029879
0.029278
0.027392
0.018153
0.032216
0.018475
0.019605
0.001000
0.018123
0.001000
0.018314
0.001000
0.020450
0.029282
0.031453
0.025034
0.001000
0.001000
0.027958
0.001000
0.001000
0.028126
0.001000
0.020571
0.028656
0.017970
0.025570
0.028473
0.001000
0.001000
0.001000
0.001000
0.001000
0.001000
0.001000
0.001000
0.026802
0.001000
0.001000
0.001000
0.001000
0.001000
0.001000
0.001000
0.001000
0.026064
0.001000
0.028130
0.026858
0.001000
0.029265
0.019251
0.030562
0.001000
0.001000
0.001000
0.001000
0.026931
0.025768
0.001000
0.019869
0.016460
0.001000
0.018255
0.029044
0.024731
0.017159
0.018404
0.019487
0.018332
0.017572
0.001000
0.029900
0.017945
0.001000
0.001000
0.001000
0.001000
0.001000
0.029946
0.001000
0.001000
0.030462
0.020043
0.018351
0.031502
0.017994
0.016394
0.024635
0.020148
0.018109
0.020917
0.018362
0.019665
0.001000
0.027061
0.018456
0.016091
0.016196
0.018706
0.031366
0.029511
0.027012
0.019289
0.030365
0.001000
0.017803
0.025459
0.020407
0.018532
0.019379
0.019152
0.018679
0.001000
0.001000
0.001000
0.001000
0.001000
0.001000
0.001000
0.001000
0.001000
0.001000
0.029827
0.001000
0.001000
0.001000
0.027009
0.017782
0.001000
0.001000
0.026310
0.027388
0.018133
0.029165
0.032510
0.017352
0.027802
0.029237
0.001000
0.029979
0.017931
0.018268
0.026815
0.030838
0.024591
0.030657
0.030126
0.019251
0.001000
0.001000
0.001000
0.001000
0.028461
0.026438
0.020250
0.001000
0.028342
0.001000
0.001000
0.001000
0.031024
0.001000
0.001000
0.001000
0.019171
0.027351
0.029655
0.017190
0.026209
0.029853
0.018752
0.026382
0.001000
0.028942
0.001000
0.001000
0.019251
0.001000
0.031016
0.001000
0.001000
0.001000
0.001000
0.001000
0.001000
0.001000
0.001000
0.001000
0.026503
0.031998
0.030453
0.019517
0.030097
0.030120
0.020066
0.030490
0.027761
0.029888
0.001000
0.029673
0.029032
0.001000
0.001000
0.001000
0.001000
0.032023
0.001000
0.030209
0.024895
0.017682
0.027612
0.027242
0.028075
0.018580
0.028636
0.027707
0.018949
0.001000
0.029957
0.001000
0.001000
0.001000
0.001000
0.001000
0.001000
0.001000
0.031768
0.001000
0.001000
0.001000
0.001000
0.031807
0.001000
0.001000
0.029214
0.027822
0.027358
0.028311
0.017549
0.029551
0.001000
0.029265
0.001000
0.001000
0.001000
0.028612
0.001000
0.001000
0.001000
0.001000
0.027238
0.001000
0.001000
0.027140
0.021250
0.001000
0.001000
0.032541
0.018516
0.028504
0.001000
0.001000
0.032667
0.027796
0.001000
0.001000
0.001000
0.001000
0.001000
0.021249
0.028389
0.001000
0.001000
0.001000
0.001000
0.001000
0.001000
0.030963
0.018410
0.001000
0.001000
0.001000
0.001000
0.001000
0.001000
0.001000
0.001000
0.001000
0.030219
0.001000
0.024642
0.001000
0.027012
0.017915
0.028373
0.029318
0.028214
0.029109
0.025921
0.029723
0.001000
0.032615
0.001000
0.001000
0.001000
0.028705
0.025122
0.019837
0.020080
0.028044
0.017522
0.029090
0.030236
0.027590
0.030868
0.029636
0.029359
0.020097
0.027046
0.019485
0.028821
0.001000
0.017382
0.027966
0.031742
0.025210
0.030322
0.030193
0.001000
0.001000
0.001000
0.029036
0.001000
0.001000
0.018170
0.001000
0.018170
0.029939
0.001000
0.001000
0.030606
0.001000
0.001000
0.001000
0.016412
0.027570
0.018079
0.028001
0.019832
0.016761
0.026687
0.030022
0.016870
0.001000
0.001000
0.031353
0.001000
0.001000
0.001000
0.029154
0.001000
0.031835
0.001000
0.001000
0.001000
0.001000
0.001000
0.001000
0.001000
0.001000
0.001000
0.001000
0.001000
0.001000
0.030962
0.001000
0.001000
0.016717
0.030539
0.001000
0.001000
0.001000
0.018402
0.028522
0.001000
0.018629
0.027432
0.001000
0.001000
0.001000
0.001000
0.001000
0.001000
0.001000
0.001000
0.001000
0.001000
0.001000
0.031195
0.001000
0.026792
0.001000
0.018441
0.001000
0.001000
0.001000
0.001000
0.001000
0.001000
0.025994
0.001000
0.001000
0.001000
0.001000
0.001000
0.001000
0.014248
0.001000
0.001000
0.017043
0.001000
0.001000
0.001000
0.018433
0.001000
0.001000
0.001000
0.027199
0.019685
0.018500
0.030284
0.001000
0.001000
0.001000
0.001000
0.001000
0.001000
0.001000
0.018298
0.016449
0.028638
0.020314
0.026261
0.017725
0.001000
0.019069
0.018037
0.025020
0.001000
0.017862
0.001000
0.001000
0.019045
0.001000
0.001000
0.027006
0.027751
0.001000
0.001000
0.001000
0.029355
0.027241
0.001000
0.001000
0.001000
0.001000
0.001000
0.001000
0.001000
0.030370
0.019570
0.020267
0.019147
0.025209
0.018118
0.028457
0.001000
0.019123
0.019405
0.030173
0.027526
0.027096
0.031215
0.028299
0.030094
0.029941
0.019557
0.029079
0.028533
0.001000
0.029510
0.026960
0.001000
0.001000
0.001000
0.001000
0.028174
0.020287
0.028509
0.001000
0.001000
0.018327
0.021266
0.016568
0.019785
0.028575
0.025681
0.027282
0.028515
0.025017
0.032099
0.027538
0.030655
0.027648
0.030349
0.032454
0.016847
0.028663
0.032108
0.028218
0.001000
0.001000
0.030504
0.001000
0.019769
0.001000
0.029181
0.001000
0.027209
0.026598
0.001000
0.031808
0.001000
0.018939
0.001000
0.001000
0.001000
0.001000
0.001000
0.001000
0.001000
0.001000
0.030334
0.001000
0.018589
0.018761
0.001000
0.030411
0.017735
0.017948
0.001000
0.018435
0.019742
0.024682
0.026351
0.024856
0.018549
0.018967
0.027662
0.026836
0.031707
0.024663
0.029521
0.029345
0.018773
0.027122
0.029222
0.020163
0.028957
0.021178
0.031889
0.017230
0.019860
0.027044
0.020514
0.001000
0.019556
0.030561
0.001000
0.001000
0.018081
0.001000
0.027159
0.032684
0.028498
0.028414
0.027161
0.026131
0.027084
0.017194
0.001000
0.001000
0.001000
0.001000
0.017629
0.001000
0.001000
0.001000
0.027281
0.001000
0.027914
0.001000
0.001000
0.025720
0.001000
0.017362
0.001000
0.027324
0.001000
0.030213
0.001000
0.001000
0.001000
0.001000
0.029437
0.030005
0.028408
0.028122
0.017938
0.018766
0.017746
0.027457
0.018747
0.017841
0.031067
0.029644
0.020947
0.018950
0.027127
0.019997
0.030201
0.025343
0.026322
0.028639
0.029277
0.027809
0.031649
0.018048
0.027946
0.028090
0.027245
0.031209
0.001000
0.029727
0.027959
0.030197
0.029959
0.027119
0.001000
0.001000
0.030363
0.032033
0.001000
0.001000
0.018317
0.024826
0.032416
0.019493
0.018590
0.031760
0.001000
0.001000
0.001000
0.030388
0.001000
0.028641
0.020358
0.001000
0.029865
0.020071
0.029443
0.027542
0.028754
0.018815
0.019989
0.001000
0.001000
0.001000
0.001000
0.001000
0.030967
0.001000
0.031400
0.029751
0.019717
0.028669
0.001000
0.028523
0.027007
0.001000
0.001000
0.001000
0.001000
0.001000
0.001000
0.001000
0.019263
0.001000
0.021366
0.031436
0.028690
0.001000
0.020117
0.001000
0.030057
0.001000
0.001000
0.001000
0.028604
0.030855
0.001000
0.001000
0.029014
0.001000
0.032184
0.001000
0.020380
0.032671
0.031080
0.001000
0.014228
0.013421
0.001000
0.025489
0.001000
0.001000
0.001000
0.014103
0.001000
0.001000
0.001000
0.032233
0.018218
0.029593
0.025718
0.026887
0.028856
0.001000
0.027770
0.016859
0.028208
0.028044
0.001000
0.025958
0.001000
0.029739
0.018419
0.029102
0.017890
0.027302
0.001000
0.027835
0.001000
0.019661
0.001000
0.001000
0.030453
0.027150
0.001000
0.001000
0.028017
0.001000
0.001000
0.016511
0.027890
0.001000
0.027183
0.001000
0.017477
0.018172
0.001000
0.028672
0.001000
0.028208
0.001000
0.001000
0.019128
0.020240
0.031874
0.001000
0.025634
0.027581
0.019167
0.001000
0.001000
0.028711
0.025592
0.001000
0.001000
0.001000
0.001000
0.032171
0.001000
0.021188
0.001000
0.027456
0.027818
0.001000
0.001000
0.027727
0.001000
0.020146
0.030515
0.027928
0.025839
0.027014
0.025915
0.029807
0.030297
0.025306
0.027379
0.027829
0.020655
0.019304
0.019025
0.028516
0.028627
0.027205
0.029448
0.018274
0.025033
0.026388
0.029497
0.029520
0.019248
0.029026
0.030343
0.027714
0.019735
0.026567
0.028052
0.028001
0.001000
0.001000
0.001000
0.001000
0.001000
0.028533
0.001000
0.030416
0.001000
0.001000
0.018850
0.001000
0.001000
0.026974
0.026027
0.026045
0.025250
0.029663
0.016951
0.001000
0.001000
0.018720
0.027041
0.001000
0.030831
0.027143
0.001000
0.028232
0.029710
0.030662
0.027194
0.001000
0.001000
0.028815
0.018914
0.001000
0.001000
0.001000
0.001000
0.030958
0.001000
0.001000
0.001000
0.001000
0.018788
0.027219
0.001000
0.001000
0.001000
0.001000
0.001000
0.025204
0.001000
0.001000
0.025932
0.001000
0.001000
0.001000
0.001000
0.001000
0.027212
0.001000
0.018863
0.028346
0.001000
0.001000
0.030284
0.028174
0.001000
0.001000
0.028104
0.029917
0.027260
0.029754
0.029450
0.030685
0.027093
0.026330
0.025883
0.018580
0.001000
0.001000
0.001000
0.025733
0.001000
0.001000
0.029183
0.029569
0.024630
0.026937
0.001000
0.001000
0.001000
0.001000
0.001000
0.029241
0.001000
0.001000
0.001000
0.018691
0.019860
0.024998
0.031147
0.025867
0.026352
0.016897
0.017618
0.030113
0.017545
0.028447
0.024687
0.029502
0.027327
0.029571
0.027231
0.027920
0.020520
0.001000
0.001000
0.032036
0.024999
0.001000
0.001000
0.001000
0.031429
0.001000
0.018471
0.001000
0.019045
0.001000
0.032622
0.001000
0.026613
0.026708
0.028569
0.025997
0.001000
0.031434
0.001000
0.031268
0.001000
0.001000
0.001000
0.001000
0.001000
0.027538
0.001000
0.030117
0.001000
0.001000
0.001000
0.001000
0.001000
0.001000
0.001000
0.028964
0.001000
0.001000
0.001000
0.018482
0.018016
0.031284
0.001000
0.001000
0.018453
0.018588
0.028533
0.028652
0.028611
0.001000
0.029656
0.001000
0.001000
0.001000
0.001000
0.001000
0.001000
0.001000
0.001000
0.018360
0.029964
0.028338
0.001000
0.018734
0.025924
0.001000
0.001000
0.001000
0.001000
0.001000
0.001000
0.030538
0.020607
0.031793
0.028256
0.029682
0.028557
0.018205
0.001000
0.018232
0.029820
0.028763
0.001000
0.001000
0.001000
0.024953
0.016591
0.001000
0.030422
0.001000
0.017619
0.029395
0.030324
0.001000
0.001000
0.001000
0.001000
0.028168
0.017032
0.001000
0.001000
0.031243
0.029990
0.026599
0.025202
0.017984
0.027177
0.031338
0.026857
0.001000
0.019219
0.001000
0.025404
0.001000
0.001000
0.028896
0.001000
0.027505
0.019814
0.020908
0.018963
0.001000
0.031680
0.018428
0.029284
0.032043
0.020265
0.001000
0.030168
0.019355
0.029617
0.032098
0.031773
0.025347
0.030772
0.017428
0.001000
0.001000
0.018107
0.001000
0.001000
0.001000
0.020424
0.001000
0.001000
0.029275
0.001000
0.001000
0.001000
0.001000
0.001000
0.019111
0.017978
0.001000
0.030447
0.001000
0.001000
0.001000
0.001000
0.001000
0.001000
0.027540
0.017216
0.019181
0.001000
0.017683
0.001000
0.001000
0.019099
0.019104
0.026019
0.017248
0.030225
0.031630
0.031291
0.026813
0.024581
0.028095
0.018724
0.029712
0.028495
0.017750
0.029591
0.027768
0.025354
0.001000
0.027058
0.001000
0.028119
0.019947
0.001000
0.025196
0.017341
0.029371
0.001000
0.019821
0.001000
0.001000
0.001000
0.001000
0.001000
0.031047
0.026767
0.001000
0.028598
0.020857
0.020577
0.019201
0.017469
0.018306
0.030059
0.028776
0.020366
0.025685
0.025060
0.027379
0.025299
0.001000
0.001000
0.031288
0.001000
0.030526
0.001000
0.001000
0.018334
0.001000
0.001000
0.001000
0.031443
0.001000
0.001000
0.018907
0.017448
0.001000
0.029532
0.019562
0.001000
0.017749
0.029058
0.018257
0.018604
0.001000
0.027454
0.001000
0.001000
0.001000
0.019069
0.027854
0.029971
0.026542
0.027308
0.001000
0.001000
0.027663
0.028547
0.026384
0.029741
0.031672
0.018640
0.001000
0.029634
0.001000
0.001000
0.001000
0.001000
0.001000
0.001000
0.018792
0.001000
0.001000
0.018084
0.001000
0.018220
0.031978
0.028690
0.025410
0.024533
0.026387
0.025579
0.030293
0.019076
0.021208
0.001000
0.029548
0.001000
0.001000
0.001000
0.031667
0.001000
0.001000
0.029954
0.028192
0.029537
0.001000
0.019591
0.020900
0.001000
0.001000
0.001000
0.001000
0.018137
0.026810
0.031330
0.028035
0.030676
0.018941
0.026548
0.026510
0.001000
0.001000
0.001000
0.001000
0.001000
0.019600
0.001000
0.001000
0.001000
0.027369
0.027237
0.001000
0.028479
0.001000
0.020694
0.001000
0.001000
0.001000
0.027314
0.027354
0.001000
0.001000
0.028064
0.001000
0.018475
0.021099
0.001000
0.001000
0.001000
0.001000
0.001000
0.001000
0.001000
0.001000
0.013627
0.001000
0.026409
0.028919
0.019080
0.001000
0.018737
0.019406
0.019159
0.028881
0.028053
0.030199
0.017394
0.017419
0.017944
0.031497
0.001000
0.019966
0.028565
0.017882
0.001000
0.017267
0.001000
0.030288
0.001000
0.020735
0.018468
0.017097
0.001000
0.028160
0.018861
0.019656
0.017390
0.020494
0.001000
0.018930
0.019097
0.028175
0.019983
0.021132
0.020306
0.029621
0.001000
0.027831
0.001000
0.016420
0.028071
0.029618
0.018689
0.030501
0.025957
0.030475
0.001000
0.018764
0.028653
0.027076
0.019583
0.001000
0.001000
0.001000
0.001000
0.028010
0.001000
0.001000
0.001000
0.001000
0.016784
0.001000
0.032132
0.001000
0.001000
0.001000
0.028090
0.031767
0.020080
0.020302
0.018962
0.018310
0.017641
0.017097
0.020535
0.019240
0.001000
0.032909
0.024690
0.031115
0.032670
0.026421
0.028291
0.025542
0.025928
0.029960
0.031131
0.030045
0.025351
0.030151
0.028150
0.019635
0.030523
0.001000
0.028193
0.028864
0.001000
0.001000
0.026009
0.001000
0.001000
0.001000
0.018530
0.016465
0.001000
0.026700
0.017793
0.030513
0.018595
0.029864
0.017876
0.029916
0.027109
0.019300
0.027199
0.019089
0.029573
0.027582
0.019845
0.019258
0.018922
0.017073
0.018775
0.018433
0.001000
0.028437
0.001000
0.026321
0.026095
0.029980
0.030175
0.026559
0.028884
0.030710
0.021248
0.030113
0.018549
0.028463
0.027435
0.019921
0.031653
0.030143
0.019010
0.018465
0.026534
0.029244
0.029239
0.031184
0.028681
0.001000
0.001000
0.001000
0.001000
0.001000
0.001000
0.001000
0.025163
0.001000
0.031416
0.019641
0.018085
0.018722
0.027442
0.017666
0.017173
0.019037
0.020342
0.018507
0.018419
0.030217
0.029392
0.017389
0.030288
0.029310
0.028243
0.027729
0.031567
0.027063
0.016352
0.028297
0.017245
0.024840
0.027714
0.027738
0.029495
0.027629
0.018212
0.031194
0.001000
0.030380
0.001000
0.001000
0.001000
0.029427
0.030572
0.001000
0.027311
0.019498
0.031743
0.018475
0.001000
0.029100
0.030978
0.026063
0.027940
0.027290
0.030814
0.027011
0.001000
0.001000
0.026329
0.001000
0.001000
0.001000
0.001000
0.001000
0.001000
0.001000
0.001000
0.001000
0.001000
0.001000
0.026754
0.001000
0.001000
0.032286
0.001000
0.001000
0.001000
0.001000
0.001000
0.001000
0.001000
0.019865
0.030577
0.001000
0.027109
0.025996
0.029463
0.001000
0.032343
0.019426
0.001000
0.001000
0.001000
0.001000
0.001000
0.001000
0.001000
0.001000
0.028533
0.001000
0.017775
0.001000
0.028839
0.001000
0.001000
0.018809
0.001000
0.001000
0.001000
0.001000
0.028764
0.001000
0.001000
0.001000
0.001000
0.001000
0.001000
0.001000
0.025757
0.028548
0.018368
0.030546
0.016395
0.029052
0.018348
0.016635
0.027954
0.026207
0.029239
0.019639
0.029849
0.021314
0.018091
0.028818
0.018662
0.029353
0.001000
0.028373
0.017457
0.017575
0.018877
0.001000
0.027673
0.001000
0.018069
0.026675
0.001000
0.018208
0.017955
0.001000
0.001000
0.001000
0.015878
0.001000
0.001000
0.029647
0.001000
0.001000
0.029494
0.030970
0.018931
0.001000
0.024973
0.001000
0.028850
0.001000
0.001000
0.028223
0.001000
0.001000
0.028986
0.026746
0.027817
0.018296
0.001000
0.001000
0.031099
0.001000
0.001000
0.001000
0.015930
0.020081
0.017335
0.016364
0.020213
0.029097
0.018601
0.030867
0.029925
0.031315
0.017999
0.028669
0.001000
0.029309
0.019296
0.018314
0.020554
0.018258
0.001000
0.001000
0.028725
0.001000
0.001000
0.019480
0.001000
0.001000
0.001000
0.001000
0.001000
0.001000
0.001000
0.018992
0.026218
0.018460
0.017318
0.017893
0.026944
0.020232
0.018290
0.001000
0.031559
0.028449
0.001000
0.001000
0.029034
0.001000
0.018548
0.001000
0.027818
0.027498
0.001000
0.001000
0.001000
0.001000
0.001000
0.001000
0.001000
0.001000
0.001000
0.001000
0.001000
0.026312
0.020325
0.020314
0.019505
0.020883
0.030941
0.020971
0.029294
0.032373
0.028291
0.027857
0.001000
0.016501
0.032230
0.001000
0.001000
0.026117
0.029354
0.017325
0.031753
0.025234
0.030780
0.001000
0.029348
0.027909
0.026839
0.030180
0.001000
0.030827
0.026969
0.001000
0.026981
0.001000
0.031900
0.026191
0.032977
0.001000
0.027402
0.001000
0.026913
0.026326
0.028208
0.001000
0.028690
0.019559
0.021200
0.019329
0.029559
0.016255
0.019874
0.028222
0.026179
0.027177
0.025695
0.026384
0.029510
0.027215
0.027007
0.027794
0.018831
0.028505
0.025201
0.027784
0.001000
0.001000
0.027833
0.001000
0.028031
0.027717
0.001000
0.001000
0.001000
0.001000
0.001000
0.031529
0.001000
0.001000
0.001000
0.001000
0.017978
0.001000
0.001000
0.001000
0.001000
0.020102
0.018539
0.016162
0.001000
0.017520
0.020258
0.027070
0.018177
0.029077
0.001000
0.032617
0.017693
0.027010
0.001000
0.020710
0.032234
0.018747
0.029166
0.001000
0.001000
0.017176
0.001000
0.028598
0.001000
0.001000
0.029857
0.030997
0.001000
0.020879
0.026860
0.016663
0.018674
0.015989
0.031711
0.019530
0.001000
0.028626
0.001000
0.016253
0.024583
0.030185
0.001000
0.028736
0.001000
0.001000
0.032353
0.001000
0.001000
0.001000
0.001000
0.001000
0.021315
0.019562
0.018531
0.016954
0.017763
0.025903
0.025795
0.001000
0.027112
0.028662
0.001000
0.031472
0.026036
0.028094
0.018532
0.027650
0.001000
0.031957
0.019395
0.026753
0.031357
0.030977
0.001000
0.001000
0.001000
0.029181
0.001000
0.001000
0.001000
0.025354
0.001000
0.001000
0.030628
0.001000
0.001000
0.026833
0.028125
0.029535
0.028198
0.001000
0.029682
0.032016
0.018584
0.018849
0.019705
0.029694
0.001000
0.001000
0.028033
0.001000
0.018820
0.001000
0.028764
0.017471
0.020052
0.019888
0.027116
0.027803
0.001000
0.016811
0.020096
0.017631
0.018018
0.026540
0.031200
0.028052
0.020257
0.028747
0.027518
0.027029
0.030120
0.031459
0.001000
0.031787
0.028725
0.027815
0.029885
0.001000
0.027975
0.024989
0.017762
0.001000
0.018201
0.029768
0.030817
0.017201
0.025471
0.019817
0.001000
0.025620
0.027686
0.027239
0.001000
0.001000
0.030589
0.001000
0.028385
0.016764
0.001000
0.019309
0.025662
0.019829
0.027628
0.019752
0.024508
0.018961
0.020260
0.030019
0.028715
0.019315
0.025368
0.026821
0.031350
0.030954
0.030285
0.001000
0.029120
0.001000
0.030385
0.027155
0.001000
0.001000
0.017236
0.030120
0.018682
0.019340
0.019377
0.001000
0.030359
0.029529
0.001000
0.027036
0.001000
0.029423
0.001000
0.001000
0.001000
0.001000
0.001000
0.001000
0.032263
0.014018
0.018713
0.013822
0.013595
0.013770
0.014107
0.013816
0.014211
0.001000
0.027104
0.029336
0.028733
0.020458
0.026102
0.030100
0.030724
0.017236
0.031484
0.019793
0.027217
0.001000
0.001000
0.001000
0.001000
0.001000
0.001000
0.001000
0.027595
0.019005
0.031708
0.019493
0.029071
0.018585
0.027444
0.016390
0.018971
0.001000
0.031480
0.028421
0.019377
0.018009
0.027480
0.026105
0.031479
0.032336
0.026932
0.026801
0.018864
0.029351
0.030072
0.027422
0.019914
0.027864
0.031229
0.018314
0.026478
0.016254
0.029617
0.020048
0.030139
0.030792
0.030520
0.032552
0.030798
0.017900
0.001000
0.001000
0.001000
0.001000
0.029690
0.031521
0.001000
0.001000
0.030004
0.001000
0.026787
0.001000
0.032373
0.026599
0.027408
0.027257
0.016996
0.001000
0.031097
0.020486
0.018716
0.027596
0.001000
0.001000
0.001000
0.027198
0.001000
0.029046
0.027762
0.001000
0.017067
0.001000
0.001000
0.001000
0.018686
0.017252
0.028541
0.032649
0.025672
0.031670
0.030115
0.031134
0.031838
0.029082
0.028742
0.029416
0.026505
0.028390
0.027554
0.027813
0.001000
0.001000
0.001000
0.001000
0.001000
0.001000
0.001000
0.001000
0.001000
0.018567
0.001000
0.001000
0.030488
0.016495
0.017420
0.001000
0.025586
0.001000
0.001000
0.027134
0.001000
0.031131
0.027783
0.018443
0.001000
0.027437
0.032376
0.001000
0.001000
0.029245
0.028741
0.016830
0.001000
0.028295
0.028509
0.030111
0.032411
0.001000
0.001000
0.001000
0.001000
0.018147
0.001000
0.001000
0.024354
0.001000
0.001000
0.001000
0.027798
0.027356
0.027634
0.027897
0.017120
0.028758
0.001000
0.001000
0.018989
0.019642
0.030278
0.018647
0.001000
0.001000
0.031105
0.026948
0.001000
0.001000
0.001000
0.029531
0.030915
0.001000
0.019305
0.001000
0.032705
0.018166
0.032248
0.026725
0.017672
0.030447
0.026026
0.020687
0.032717
0.024976
0.016793
0.019051
0.001000
0.001000
0.029933
0.029078
0.001000
0.027719
0.031332
0.001000
0.031740
0.030968
0.001000
0.001000
0.001000
0.001000
0.017463
0.017132
0.001000
0.017310
0.030899
0.028962
0.025593
0.029403
0.018848
0.001000
0.001000
0.001000
0.026760
0.001000
0.001000
0.027988
0.001000
0.001000
0.019255
0.001000
0.001000
0.027296
0.014273
0.013773
0.001000
0.001000
0.001000
0.001000
0.027183
0.018516
0.018065
0.001000
0.001000
0.020731
0.001000
0.001000
0.019194
0.016567
0.025671
0.024939
0.001000
0.029877
0.001000
0.001000
0.001000
0.026470
0.001000
0.029355
0.028845
0.031360
0.025608
0.018485
0.018625
0.001000
0.001000
0.001000
0.028880
0.001000
0.029316
0.017474
0.027112
0.001000
0.001000
0.027381
0.001000
0.031229
0.001000
0.001000
0.001000
0.001000
0.028871
0.029745
0.030215
0.028565
0.025808
0.024625
0.028830
0.021203
0.001000
0.019510
0.016039
0.020477
0.029452
0.027575
0.018931
0.018370
0.019118
0.026143
0.016925
0.001000
0.029043
0.001000
0.001000
0.030378
0.017955
0.018152
0.001000
0.018860
0.001000
0.018809
0.016897
0.026844
0.016020
0.001000
0.026539
0.001000
0.017895
0.032169
0.001000
0.001000
0.001000
0.001000
0.001000
0.018631
0.001000
0.001000
0.001000
0.001000
0.027012
0.026856
0.001000
0.001000
0.030730
0.001000
0.001000
0.028975
0.001000
0.001000
0.001000
0.001000
0.001000
0.001000
0.031765
0.029616
0.028168
0.024672
0.027957
0.017439
0.031795
0.028692
0.026737
0.017908
0.030384
0.026135
0.032214
0.019359
0.017488
0.026262
0.031042
0.031655
0.032743
0.018563
0.026972
0.018204
0.025782
0.027755
0.019959
0.001000
0.001000
0.026608
0.001000
0.001000
0.029283
0.018612
0.001000
0.019161
0.030880
0.031199
0.018123
0.028551
0.028840
0.020285
0.029009
0.017685
0.029087
0.030490
0.001000
0.026401
0.027384
0.030407
0.028545
0.029061
0.028786
0.026505
0.028776
0.019721
0.026153
0.029354
0.028046
0.001000
0.001000
0.028274
0.001000
0.028531
0.001000
0.017589
0.018415
0.001000
0.020420
0.020833
0.018900
0.016781
0.031417
0.029338
0.030261
0.029291
0.018987
0.029373
0.027279
0.027457
0.026659
0.028226
0.027375
0.018906
0.029473
0.030868
0.028325
0.032092
0.028237
0.027167
0.001000
0.001000
0.020765
0.026867
0.018019
0.017122
0.027244
0.026930
0.032191
0.025868
0.031191
0.001000
0.001000
0.001000
0.027161
0.026423
0.001000
0.030435
0.001000
0.001000
0.001000
0.001000
0.001000
0.001000
0.026822
0.001000
0.030142
0.029570
0.029919
0.029888
0.016403
0.030346
0.025384
0.029027
0.028968
0.001000
0.001000
0.001000
0.001000
0.001000
0.001000
0.001000
0.001000
0.017462
0.019367
0.017028
0.001000
0.016061
0.027681
0.001000
0.027252
0.028478
0.029803
0.029738
0.031628
0.018809
0.001000
0.019029
0.031240
0.028070
0.027758
0.028813
0.001000
0.030958
0.001000
0.001000
0.001000
0.029270
0.026550
0.027385
0.018784
0.028985
0.001000
0.001000
0.028441
0.001000
0.001000
0.001000
0.001000
0.001000
0.001000
0.001000
0.019647
0.001000
0.001000
0.001000
0.031780
0.001000
0.001000
0.027071
0.028841
0.001000
0.019447
0.027637
0.027726
0.028106
0.025900
0.024696
0.031394
0.021063
0.001000
0.019413
0.025801
0.030742
0.019222
0.027708
0.025232
0.017620
0.029743
0.019657
0.030155
0.017314
0.029882
0.001000
0.001000
0.028724
0.001000
0.001000
0.001000
0.001000
0.030665
0.001000
0.001000
0.001000
0.001000
0.026810
0.020969
0.001000
0.001000
0.028973
0.027447
0.032724
0.028726
0.001000
0.001000
0.001000
0.018354
0.001000
0.028562
0.018397
0.018707
0.001000
0.026703
0.027991
0.001000
0.029668
0.028517
0.025696
0.017764
0.016788
0.031016
0.024606
0.025733
0.001000
0.001000
0.018862
0.001000
0.001000
0.019239
0.017597
0.031040
0.027737
0.030324
0.030997
0.031691
0.018699
0.020292
0.018021
0.030727
0.001000
0.001000
0.025985
0.001000
0.029614
0.029911
0.032646
0.029581
0.015715
0.025608
0.029207
0.028792
0.031512
0.028540
0.030884
0.016836
0.001000
0.026069
0.028936
0.028122
0.027070
0.001000
0.001000
0.028797
0.001000
0.017118
0.001000
0.019222
0.001000
0.001000
0.027158
0.027775
0.027856
0.001000
0.001000
0.027466
0.001000
0.001000
0.001000
0.001000
0.001000
0.001000
0.001000
0.028029
0.001000
0.001000
0.025946
0.031668
0.001000
0.001000
0.001000
0.001000
0.027936
0.001000
0.026857
0.020636
0.027182
0.001000
0.027071
0.001000
0.001000
0.029725
0.001000
0.001000
0.001000
0.027047
0.001000
0.031153
0.027837
0.030584
0.018166
0.001000
0.029072
0.025592
0.031636
0.029540
0.019863
0.025884
0.032226
0.001000
0.030156
0.019320
0.026073
0.028884
0.001000
0.001000
0.001000
0.030704
0.028436
0.001000
0.019121
0.029922
0.029898
0.001000
0.001000
0.001000
0.001000
0.028612
0.017458
0.018195
0.030316
0.029411
0.001000
0.001000
0.031033
0.001000
0.001000
0.001000
0.001000
0.001000
0.028447
0.018569
0.028288
0.024982
0.019696
0.027771
0.018105
0.027832
0.030913
0.020114
0.027027
0.030469
0.018437
0.027376
0.018045
0.018118
0.026060
0.001000
0.001000
0.001000
0.027082
0.026816
0.001000
0.030178
0.001000
0.016108
0.027427
0.029277
0.018905
0.019755
0.026460
0.001000
0.001000
0.033031
0.032061
0.019229
0.001000
0.016646
0.028677
0.001000
0.018178
0.028697
0.026236
0.001000
0.029584
0.001000
0.029515
0.001000
0.001000
0.001000
0.001000
0.018001
0.018964
0.001000
0.001000
0.027178
0.030785
0.027572
0.029698
0.031681
0.027024
0.018310
0.032816
0.018797
0.030960
0.030779
0.031733
0.017307
0.001000
0.001000
0.001000
0.026258
0.019115
0.019538
0.018724
0.026976
0.001000
0.001000
0.001000
0.031229
0.001000
0.028692
0.026211
0.024760
0.001000
0.001000
0.001000
0.001000
0.001000
0.001000
0.029340
0.001000
0.020213
0.001000
0.001000
0.029648
0.001000
0.027536
0.018907
0.029629
0.029136
0.025897
0.019286
0.017046
0.001000
0.028211
0.001000
0.001000
0.001000
0.001000
0.001000
0.001000
0.001000
0.019868
0.019328
0.019196
0.025708
0.028549
0.001000
0.027195
0.024847
0.016673
0.020499
0.001000
0.018844
0.028844
0.031200
0.031208
0.001000
0.001000
0.026215
0.001000
0.029228
0.001000
0.030562
0.019528
0.001000
0.029161
0.024364
0.025937
0.001000
0.019276
0.001000
0.030368
0.001000
0.001000
0.001000
0.028882
0.001000
0.001000
0.018988
0.019692
0.029054
0.018137
0.020190
0.017623
0.020730
0.032603
0.030146
0.025375
0.029881
0.032826
0.029781
0.031475
0.030808
0.027082
0.018162
0.029570
0.025458
0.026086
0.031127
0.001000
0.001000
0.001000
0.030329
0.001000
0.001000
0.001000
0.001000
0.001000
0.001000
0.030731
0.027933
0.019864
0.018477
0.031881
0.001000
0.027827
0.025926
0.031150
0.031976
0.028932
0.019374
0.027397
0.031954
0.030466
0.028541
0.025540
0.028380
0.025751
0.001000
0.017674
0.032993
0.001000
0.027064
0.001000
0.001000
0.001000
0.001000
0.001000
0.001000
0.001000
0.025882
0.001000
0.001000
0.016855
0.021084
0.029281
0.016596
0.027689
0.017056
0.001000
0.019366
0.018300
0.017732
0.028314
0.001000
0.030071
0.029941
0.028453
0.031050
0.027056
0.030662
0.029163
0.028906
0.031361
0.031148
0.018685
0.017930
0.026266
0.026570
0.025241
0.029640
0.001000
0.030699
0.001000
0.020315
0.001000
0.029327
0.031564
0.025665
0.001000
0.001000
0.027507
0.030467
0.030649
0.001000
0.029666
0.001000
0.018583
0.016698
0.018030
0.018094
0.018162
0.018631
0.030780
0.018165
0.026447
0.027093
0.025483
0.027013
0.001000
0.018172
0.032054
0.019638
0.016916
0.029799
0.018112
0.030861
0.030865
0.029978
0.025895
0.020609
0.031396
0.027584
0.001000
0.031210
0.001000
0.001000
0.028216
0.001000
0.028964
0.026963
0.028700
0.024747
0.025660
0.020529
0.001000
0.019464
0.025440
0.029613
0.032573
0.030292
0.001000
0.030255
0.026853
0.001000
0.019784
0.001000
0.016690
0.001000
0.001000
0.028941
0.001000
0.001000
0.001000
0.019995
0.026973
0.020092
0.001000
0.018968
0.016760
0.001000
0.030053
0.025105
0.028734
0.028703
0.019042
0.027500
0.032171
0.001000
0.027566
0.027738
0.001000
0.001000
0.017994
0.001000
0.018390
0.026491
0.001000
0.027468
0.001000
0.017165
0.019871
0.018659
0.016571
0.016589
0.019632
0.030810
0.001000
0.031828
0.019417
0.028117
0.030942
0.028573
0.028543
0.030381
0.001000
0.030664
0.027146
0.029668
0.001000
0.001000
0.029972
0.001000
0.001000
0.018543
0.029294
0.001000
0.001000
0.001000
0.019131
0.017827
0.019001
0.019514
0.001000
0.029314
0.027396
0.001000
0.026483
0.030851
0.001000
0.001000
0.001000
0.017379
0.018762
0.001000
0.030068
0.028719
0.018324
0.001000
0.019882
0.027515
0.001000
0.027035
0.018168
0.027544
0.030996
0.029924
0.019345
0.028733
0.017844
0.030626
0.001000
0.001000
0.001000
0.001000
0.001000
0.001000
0.001000
0.017974
0.018354
0.029779
0.001000
0.017429
0.019503
0.017187
0.001000
0.001000
0.001000
0.001000
0.001000
0.031274
0.026537
0.020391
0.025968
0.029554
0.029769
0.027912
0.016806
0.001000
0.029960
0.001000
0.001000
0.030032
0.026155
0.028961
0.001000
0.018052
0.029302
0.026162
0.031854
0.017153
0.030436
0.026796
0.029597
0.029207
0.029833
0.019746
0.018188
0.030988
0.018206
0.001000
0.001000
0.001000
0.001000
0.001000
0.029035
0.001000
0.001000
0.001000
0.001000
0.001000
0.026466
0.001000
0.001000
0.001000
0.028993
0.020473
0.001000
0.020872
0.019850
0.001000
0.026851
0.001000
0.019660
0.019602
0.027460
0.018702
0.001000
0.001000
0.029870
0.030235
0.027708
0.018924
0.001000
0.025857
0.021271
0.027873
0.015941
0.019533
0.018262
0.028628
0.001000
0.029983
0.001000
0.031977
0.017831
0.001000
0.001000
0.001000
0.001000
0.001000
0.020868
0.031063
0.026304
0.027494
0.001000
0.001000
0.001000
0.001000
0.001000
0.001000
0.001000
0.025636
0.028883
0.001000
0.001000
0.030019
0.026295
0.029314
0.030872
0.026161
0.029153
0.026562
0.001000
0.018043
0.032270
0.028593
0.019759
0.028611
0.018720
0.029235
0.031944
0.029249
0.030376
0.019818
0.030311
0.029324
0.018690
0.001000
0.028612
0.001000
0.001000
0.001000
0.001000
0.031180
0.024679
0.020196
0.001000
0.030624
0.001000
0.018193
0.001000
0.001000
0.018356
0.019109
0.020544
0.026819
0.031650
0.029325
0.018776
0.001000
0.028913
0.029951
0.024525
0.018806
0.027865
0.028898
0.027493
0.027739
0.029817
0.027215
0.028046
0.027114
0.001000
0.031012
0.001000
0.001000
0.001000
0.001000
0.032188
0.001000
0.001000
0.029495
0.001000
0.018044
0.032342
0.001000
0.001000
0.001000
0.001000
0.031284
0.018634
0.001000
0.018471
0.018690
0.029456
0.026939
0.028213
0.018858
0.031008
0.028855
0.029205
0.027135
0.001000
0.001000
0.029553
0.001000
0.029955
0.001000
0.030875
0.028678
0.028148
0.001000
0.001000
0.001000
0.001000
0.001000
0.001000
0.001000
0.001000
0.001000
0.001000
0.027464
0.001000
0.019533
0.026315
0.001000
0.001000
0.001000
0.001000
0.001000
0.001000
0.018985
0.001000
0.001000
0.001000
0.017999
0.001000
0.017931
0.028311
0.027188
0.025032
0.029644
0.028508
0.017827
0.027493
0.025762
0.028695
0.029602
0.001000
0.001000
0.032058
0.001000
0.031302
0.019794
0.030902
0.030222
0.001000
0.028394
0.020214
0.001000
0.001000
0.001000
0.001000
0.032680
0.017722
0.026567
0.017457
0.018333
0.027846
0.027823
0.026659
0.028983
0.029130
0.018197
0.018535
0.028159
0.026198
0.001000
0.027589
0.029042
0.018827
0.026819
0.028918
0.029757
0.029364
0.027038
0.030458
0.018762
0.001000
0.019154
0.001000
0.001000
0.029904
0.001000
0.001000
0.001000
0.001000
0.020464
0.001000
0.001000
0.019560
0.028611
0.017957
0.019285
0.001000
0.029015
0.018806
0.001000
0.029707
0.030922
0.001000
0.001000
0.018060
0.031268
0.031010
0.001000
0.001000
0.001000
0.028113
0.001000
0.026549
0.028841
0.001000
0.001000
0.001000
0.001000
0.001000
0.001000
0.001000
0.001000
0.018148
0.025588
0.020517
0.031415
0.001000
0.025859
0.027833
0.028262
0.028859
0.027607
0.026420
0.001000
0.001000
0.026865
0.001000
0.001000
0.001000
0.001000
0.001000
0.001000
0.001000
0.030817
0.001000
0.001000
0.030048
0.027580
0.028490
0.018315
0.027861
0.030971
0.001000
0.001000
0.001000
0.030416
0.018190
0.029208
0.001000
0.001000
0.001000
0.025867
0.025973
0.001000
0.001000
0.001000
0.001000
0.001000
0.013595
0.001000
0.001000
0.001000
0.001000
0.001000
0.001000
0.020551
0.001000
0.001000
0.001000
0.001000
0.014318
0.019068
0.017988
0.001000
0.001000
0.029223
0.001000
0.001000
0.001000
0.026242
0.018871
0.018047
0.018997
0.018399
0.017991
0.018985
0.017541
0.019535
0.017134
0.017613
0.021165
0.019812
0.001000
0.001000
0.029662
0.001000
0.001000
0.031194
0.001000
0.001000
0.020609
0.030909
0.030094
0.001000
0.019594
0.001000
0.026356
0.017350
0.001000
0.001000
0.001000
0.001000
0.001000
0.001000
0.029022
0.001000
0.024663
0.001000
0.001000
0.001000
0.030656
0.001000
0.001000
0.001000
0.028748
0.001000
0.001000
0.031031
0.027982
0.001000
0.001000
0.029078
0.031781
0.030637
0.001000
0.001000
0.030865
0.031957
0.001000
0.001000
0.001000
0.001000
0.001000
0.027812
0.028189
0.019503
0.001000
0.027824
0.031842
0.030516
0.028154
0.027829
0.027634
0.018810
0.018828
0.030606
0.029587
0.028299
0.001000
0.019692
0.026359
0.001000
0.001000
0.031622
0.029003
0.030776
0.030295
0.001000
0.027872
0.017175
0.025887
0.001000
0.001000
0.001000
0.001000
0.026655
0.017757
0.001000
0.026282
0.029393
0.001000
0.001000
0.001000
0.026953
0.027342
0.026788
0.017686
0.030045
0.026194
0.025444
0.030269
0.030482
0.019147
0.028969
0.001000
0.001000
0.019220
0.001000
0.018690
0.001000
0.001000
0.001000
0.029468
0.019605
0.020076
0.031574
0.029034
0.018969
0.030775
0.027533
0.029851
0.029227
0.001000
0.028252
0.016117
0.001000
0.001000
0.027873
0.001000
0.001000
0.001000
0.001000
0.001000
0.001000
0.001000
0.031915
0.001000
0.026073
0.001000
0.031268
0.001000
0.001000
0.001000
0.001000
0.025225
0.001000
0.027443
0.001000
0.001000
0.031607
0.001000
0.031617
0.001000
0.028081
0.027975
0.001000
0.001000
0.001000
0.030185
0.029464
0.026638
0.029827
0.001000
0.018493
0.028077
0.001000
0.001000
0.001000
0.019517
0.001000
0.001000
0.001000
0.027335
0.026628
0.001000
0.024434
0.016779
0.021076
0.027750
0.017441
0.028010
0.027860
0.019386
0.029031
0.028057
0.029069
0.030037
0.001000
0.001000
0.001000
0.001000
0.030458
0.030173
0.001000
0.026554
0.001000
0.001000
0.029097
0.001000
0.001000
0.025288
0.001000
0.001000
0.028900
0.001000
0.001000
0.017251
0.025571
0.001000
0.001000
0.001000
0.001000
0.001000
0.001000
0.001000
0.001000
0.001000
0.001000
0.001000
0.001000
0.016584
0.013704
0.013934
0.013765
0.013895
0.014311
0.013456
0.013944
0.013501
0.013510
0.014318
0.001000
0.001000
0.001000
0.001000
0.001000
0.001000
0.017151
0.001000
0.001000
0.001000
0.001000
0.001000
0.001000
0.001000
0.013843
0.014068
0.001000
0.018212
0.013565
0.013528
0.030359
0.001000
0.016961
0.019558
0.027492
0.027996
0.001000
0.001000
0.001000
0.027371
0.001000
0.001000
0.001000
0.030407
0.019428
0.018824
0.016899
0.001000
0.028061
0.030203
0.001000
0.026209
0.018942
0.028587
0.001000
0.017495
0.001000
0.025912
0.019136
0.018461
0.020246
0.017428
0.018858
0.019166
0.029428
0.020617
0.001000
0.020705
0.029313
0.017838
0.025759
0.020399
0.030183
0.020498
0.020699
0.029604
0.027861
0.028827
0.001000
0.028513
0.001000
0.019654
0.027315
0.001000
0.001000
0.031247
0.024873
0.001000
0.028728
0.027795
0.030711
0.030693
0.026448
0.032983
0.031470
0.030490
0.029920
0.020485
0.026511
0.018898
0.027375
0.028106
0.029374
0.001000
0.025504
0.001000
0.001000
0.029380
0.001000
0.001000
0.001000
0.019404
0.018300
0.001000
0.025217
0.025717
0.001000
0.026395
0.028553
0.030959
0.017579
0.030489
0.018871
0.019013
0.027774
0.028600
0.028905
0.017201
0.032545
0.030178
0.030327
0.018206
0.027690
0.020828
0.001000
0.028577
0.001000
0.018007
0.026329
0.017588
0.029292
0.030145
0.025094
0.001000
0.001000
0.001000
0.030493
0.001000
0.027989
0.001000
0.001000
0.025498
0.001000
0.001000
0.001000
0.018877
0.001000
0.027057
0.028070
0.030092
0.028396
0.018822
0.026741
0.028724
0.027717
0.030352
0.016977
0.017980
0.001000
0.019948
0.018805
0.001000
0.001000
0.001000
0.001000
0.027153
0.026374
0.001000
0.001000
0.001000
0.030083
0.027343
0.001000
0.029732
0.001000
0.001000
0.001000
0.001000
0.017492
0.032140
0.027248
0.001000
0.001000
0.001000
0.001000
0.030497
0.029803
0.029513
0.020213
0.032283
0.016456
0.028431
0.025728
0.001000
0.001000
0.001000
0.001000
0.001000
0.031347
0.019423
0.001000
0.001000
0.018955
0.032070
0.027932
0.018829
0.026912
0.018695
0.031016
0.025623
0.027503
0.027518
0.031745
0.031266
0.029541
0.001000
0.001000
0.001000
0.001000
0.001000
0.017280
0.001000
0.024946
0.028280
0.017901
0.028523
0.025134
0.016671
0.031066
0.028965
0.020793
0.028093
0.030309
0.001000
0.018697
0.001000
0.028493
0.001000
0.017865
0.027254
0.001000
0.001000
0.027545
0.001000
0.028434
0.020466
0.001000
0.031038
0.001000
0.029749
0.001000
0.026180
0.026849
0.027113
0.001000
0.001000
0.016688
0.029385
0.029045
0.024774
0.026883
0.025663
0.027283
0.027294
0.030163
0.018877
0.028654
0.001000
0.001000
0.032128
0.029674
0.026069
0.029886
0.027866
0.030823
0.027689
0.018950
0.025980
0.031023
0.001000
0.031239
0.028123
0.001000
0.001000
0.001000
0.001000
0.001000
0.027743
0.027015
0.001000
0.018002
0.028851
0.026551
0.001000
0.020976
0.029585
0.025214
0.027475
0.030156
0.018658
0.030981
0.028710
0.029157
0.018666
0.030516
0.001000
0.028373
0.026944
0.020500
0.001000
0.029558
0.017960
0.001000
0.001000
0.013965
0.013527
0.013882
0.013927
0.014068
0.013408
0.001000
0.013874
0.014033
0.013816
0.018236
0.030954
0.001000
0.001000
0.027053
0.026954
0.001000
0.001000
0.001000
0.001000
0.001000
0.001000
0.027544
0.020536
0.018181
0.018041
0.018709
0.025880
0.031077
0.017734
0.027309
0.030881
0.030618
0.018961
0.019159
0.017544
0.018866
0.018998
0.029955
0.016051
0.031219
0.026799
0.018643
0.019189
0.028468
0.018249
0.018301
0.025860
0.032448
0.027749
0.027186
0.031734
0.019623
0.026311
0.017774
0.030679
0.031419
0.001000
0.001000
0.001000
0.001000
0.001000
0.001000
0.001000
0.001000
0.001000
0.001000
0.001000
0.019763
0.001000
0.028405
0.018574
0.019617
0.026387
0.001000
0.027585
0.018624
0.029554
0.018656
0.027831
0.028849
0.019629
0.026470
0.025834
0.021000
0.026257
0.016020
0.016389
0.020087
0.001000
0.001000
0.026220
0.027222
0.030358
0.001000
0.028688
0.016994
0.029496
0.021244
0.001000
0.001000
0.001000
0.017998
0.001000
0.001000
0.017526
0.017049
0.030620
0.030016
0.027558
0.017383
0.016604
0.032307
0.027228
0.019011
0.027101
0.031072
0.027814
0.025775
0.019920
0.030225
0.020180
0.030844
0.018058
0.027760
0.026357
0.028021
0.030555
0.028426
0.017575
0.001000
0.001000
0.001000
0.025991
0.001000
0.001000
0.001000
0.026427
0.001000
0.018216
0.020005
0.017887
0.020489
0.018907
0.028348
0.027388
0.027881
0.025823
0.024504
0.032494
0.031518
0.032868
0.029635
0.024690
0.001000
0.001000
0.001000
0.026356
0.001000
0.001000
0.030391
0.030149
0.032596
0.016755
0.001000
0.020228
0.018795
0.001000
0.017175
0.027763
0.018549
0.017255
0.016571
0.024986
0.018753
0.026527
0.031416
0.030218
0.020387
0.019341
0.029019
0.027734
0.027346
0.029680
0.027771
0.026600
0.019078
0.028939
0.027902
0.031372
0.029341
0.025971
0.016732
0.001000
0.001000
0.001000
0.001000
0.030625
0.019664
0.027793
0.001000
0.001000
0.001000
0.025398
0.027501
0.018034
0.019608
0.030208
0.018614
0.001000
0.001000
0.028089
0.001000
0.018510
0.028516
0.026217
0.001000
0.030160
0.028431
0.027090
0.001000
0.026337
0.030652
0.019037
0.027954
0.029461
0.015800
0.030103
0.030980
0.018948
0.017592
0.001000
0.017028
0.025293
0.018109
0.001000
0.031922
0.001000
0.030938
0.001000
0.001000
0.001000
0.001000
0.001000
0.001000
0.001000
0.001000
0.001000
0.027584
0.001000
0.027445
0.019146
0.019960
0.020745
0.018294
0.028950
0.031878
0.029826
0.018224
0.018779
0.028109
0.001000
0.001000
0.001000
0.001000
0.031062
0.001000
0.001000
0.001000
0.001000
0.001000
0.001000
0.001000
0.001000
0.001000
0.001000
0.019247
0.028223
0.029686
0.027145
0.001000
0.001000
0.025443
0.028722
0.001000
0.029392
0.026185
0.001000
0.001000
0.001000
0.001000
0.028830
0.001000
0.030128
0.032139
0.017896
0.027182
0.001000
0.001000
0.001000
0.001000
0.001000
0.018110
0.018921
0.031904
0.028206
0.019658
0.025817
0.027520
0.032241
0.031560
0.028391
0.001000
0.024660
0.001000
0.028978
0.001000
0.028238
0.001000
0.001000
0.019394
0.028287
0.001000
0.001000
0.001000
0.019118
0.016395
0.018534
0.017972
0.018047
0.001000
0.028428
0.030902
0.017427
0.018187
0.016875
0.025741
0.027992
0.029794
0.024515
0.027072
0.030374
0.030298
0.026726
0.018861
0.031495
0.028946
0.026522
0.028647
0.020923
0.030534
0.018713
0.001000
0.017878
0.028493
0.001000
0.018493
0.030992
0.032616
0.029314
0.029837
0.030485
0.020178
0.001000
0.001000
0.001000
0.001000
0.027644
0.001000
0.018395
0.001000
0.031090
0.019420
0.001000
0.029417
0.001000
0.018448
0.029928
0.001000
0.001000
0.001000
0.029176
0.018511
0.028804
0.019880
0.028414
0.031026
0.025087
0.001000
0.030349
0.001000
0.030040
0.028729
0.017729
0.030308
0.001000
0.001000
0.001000
0.001000
0.001000
0.001000
0.001000
0.020831
0.001000
0.030347
0.001000
0.001000
0.026852
0.001000
0.001000
0.001000
0.001000
0.001000
0.026516
0.001000
0.018765
0.017159
0.029701
0.016687
0.026559
0.030697
0.028933
0.019342
0.030154
0.029592
0.029655
0.030124
0.018962
0.019855
0.026930
0.030375
0.030503
0.020278
0.001000
0.001000
0.001000
0.001000
0.016768
0.030351
0.032905
0.001000
0.001000
0.001000
0.001000
0.028160
0.001000
0.030888
0.001000
0.001000
0.001000
0.029003
0.030373
0.017370
0.016848
0.025974
0.027274
0.019078
0.028117
0.031201
0.001000
0.001000
0.030244
0.027217
0.027403
0.031305
0.019450
0.020001
0.029778
0.031163
0.031848
0.001000
0.001000
0.001000
0.001000
0.017922
0.028223
0.019451
0.028278
0.028524
0.027417
0.027514
0.026429
0.030173
0.030888
0.016167
0.027215
0.026304
0.031093
0.020622
0.001000
0.017642
0.001000
0.025729
0.001000
0.001000
0.001000
0.020393
0.001000
0.017424
0.001000
0.029409
0.026947
0.029291
0.017516
0.031874
0.018293
0.031334
0.001000
0.001000
0.028502
0.001000
0.020500
0.001000
0.026988
0.027935
0.001000
0.025531
0.001000
0.030615
0.001000
0.001000
0.001000
0.001000
0.001000
0.028142
0.031087
0.001000
0.001000
0.001000
0.001000
0.001000
0.018914
0.001000
0.001000
0.001000
0.028916
0.027381
0.019962
0.019451
0.031331
0.024929
0.032177
0.031100
0.032022
0.029740
0.027718
0.029817
0.027723
0.028484
0.020844
0.028129
0.029245
0.028840
0.001000
0.027054
0.001000
0.019761
0.018648
0.001000
0.001000
0.001000
0.001000
0.018067
0.032404
0.001000
0.001000
0.001000
0.001000
0.021165
0.001000
0.001000
0.029658
0.001000
0.001000
0.001000
0.018168
0.026435
0.032235
0.027523
0.027765
0.026572
0.030009
0.016813
0.001000
0.001000
0.001000
0.001000
0.001000
0.001000
0.001000
0.001000
0.028800
0.001000
0.001000
0.001000
0.001000
0.001000
0.017219
0.026880
0.001000
0.028832
0.001000
0.001000
0.017754
0.019118
0.001000
0.030874
0.001000
0.001000
0.030652
0.030935
0.028816
0.019064
0.027935
0.026417
0.026648
0.001000
0.018651
0.027167
0.001000
0.001000
0.028931
0.001000
0.001000
0.001000
0.001000
0.001000
0.018661
0.001000
0.001000
0.020678
0.024659
0.029682
0.018157
0.029361
0.030624
0.019697
0.029692
0.030141
0.018271
0.018804
0.028212
0.027806
0.031354
0.027783
0.001000
0.016867
0.001000
0.028105
0.001000
0.001000
0.001000
0.029144
0.001000
0.001000
0.019372
0.018376
0.018937
0.027755
0.018712
0.029302
0.018136
0.018614
0.029615
0.016869
0.001000
0.026694
0.029804
0.001000
0.028852
0.020217
0.030128
0.032388
0.001000
0.001000
0.028711
0.030427
0.028945
0.001000
0.001000
0.028737
0.001000
0.017506
0.025295
0.019730
0.001000
0.001000
0.001000
0.029058
0.024796
0.026973
0.028053
0.025988
0.020340
0.017676
0.031053
0.018415
0.028295
0.001000
0.001000
0.029447
0.001000
0.001000
0.016533
0.001000
0.001000
0.001000
0.017569
0.028167
0.029547
0.027670
0.015943
0.030535
0.030464
0.027253
0.031209
0.030069
0.016341
0.026981
0.018498
0.026565
0.027873
0.001000
0.031452
0.027643
0.029189
0.001000
0.027442
0.028988
0.026238
0.001000
0.001000
0.001000
0.001000
0.030378
0.001000
0.001000
0.001000
0.021017
0.028641
0.030473
0.018497
0.029340
0.020335
0.026261
0.030365
0.029686
0.029218
0.001000
0.025927
0.001000
0.030434
0.001000
0.001000
0.001000
0.001000
0.029779
0.030821
0.001000
0.001000
0.016825
0.021151
0.019464
0.029330
0.031431
0.032122
0.017633
0.027213
0.032454
0.028684
0.027748
0.018693
0.029931
0.029312
0.025213
0.019134
0.030158
0.028109
0.017587
0.029104
0.030834
0.001000
0.001000
0.025874
0.019755
0.001000
0.001000
0.001000
0.029289
0.001000
0.027559
0.019325
0.020761
0.018603
0.017896
0.025918
0.028391
0.027397
0.029697
0.017946
0.017233
0.024436
0.001000
0.001000
0.030632
0.001000
0.001000
0.001000
0.025047
0.001000
0.027836
0.001000
0.001000
0.001000
0.018434
0.001000
0.020282
0.030580
0.030116
0.021524
0.001000
0.019023
0.027284
0.027238
0.001000
0.029970
0.029684
0.019117
0.027755
0.027008
0.029722
0.016340
0.026836
0.028614
0.001000
0.001000
0.001000
0.001000
0.001000
0.001000
0.001000
0.001000
0.001000
0.001000
0.030417
0.029366
0.020138
0.001000
0.001000
0.031120
0.001000
0.001000
0.031350
0.001000
0.001000
0.001000
0.001000
0.001000
0.026944
0.020516
0.026838
0.025162
0.017305
0.017148
0.029756
0.031656
0.030980
0.026785
0.028859
0.019084
0.019056
0.001000
0.001000
0.018541
0.019900
0.020435
0.020386
0.018575
0.001000
0.001000
0.025181
0.031482
0.020466
0.027855
0.028265
0.029646
0.001000
0.032451
0.001000
0.029965
0.001000
0.001000
0.001000
0.001000
0.030445
0.001000
0.030133
0.001000
0.020643
0.001000
0.025700
0.001000
0.030246
0.026829
0.027178
0.018239
0.018915
0.020483
0.020157
0.031399
0.018687
0.001000
0.020417
0.001000
0.018834
0.001000
0.031223
0.001000
0.017513
0.001000
0.030719
0.027143
0.030070
0.031623
0.030533
0.028984
0.001000
0.028207
0.019094
0.001000
0.001000
0.001000
0.001000
0.001000
0.028534
0.017852
0.031646
0.028784
0.019451
0.026771
0.026969
0.031184
0.025867
0.018567
0.001000
0.029921
0.027317
0.019403
0.031221
0.001000
0.026790
0.030959
0.026156
0.029979
0.031426
0.001000
0.026709
0.029405
0.032687
0.027224
0.018050
0.029998
0.027552
0.001000
0.001000
0.028981
0.001000
0.001000
0.018076
0.028160
0.025918
0.028681
0.029811
0.030669
0.018515
0.028866
0.019852
0.018208
0.025726
0.018843
0.001000
0.028855
0.029938
0.021245
0.001000
0.001000
0.001000
0.001000
0.031241
0.016869
0.026733
0.031038
0.026080
0.028031
0.031830
0.026741
0.019566
0.030716
0.031334
0.001000
0.001000
0.017767
0.019341
0.021053
0.019331
0.019139
0.016271
0.027629
0.031372
0.019183
0.028237
0.027177
0.028850
0.016296
0.027562
0.001000
0.001000
0.001000
0.001000
0.001000
0.001000
0.001000
0.025051
0.001000
0.001000
0.001000
0.001000
0.018592
0.026837
0.030769
0.021188
0.030096
0.027687
0.017914
0.026750
0.018471
0.001000
0.032198
0.030480
0.020794
0.017411
0.030827
0.020524
0.017455
0.001000
0.026758
0.001000
0.001000
0.016588
0.031355
0.001000
0.001000
0.028302
0.001000
0.001000
0.001000
0.017455
0.016078
0.017586
0.018098
0.026331
0.001000
0.025648
0.001000
0.001000
0.001000
0.001000
0.001000
0.001000
0.018374
0.025054
0.020064
0.019982
0.020291
0.001000
0.001000
0.019848
0.019406
0.029287
0.016255
0.030313
0.029408
0.019012
0.029715
0.031496
0.028170
0.017335
0.001000
0.001000
0.001000
0.001000
0.001000
0.001000
0.030869
0.001000
0.030848
0.001000
0.026128
0.017365
0.029617
0.027450
0.030164
0.030385
0.025480
0.018898
0.027682
0.031751
0.019002
0.026485
0.026525
0.017724
0.030671
0.001000
0.028794
0.028416
0.001000
0.001000
0.001000
0.001000
0.001000
0.001000
0.001000
0.001000
0.030027
0.026029
0.018219
0.024675
0.028006
0.001000
0.017748
0.031732
0.030238
0.001000
0.017146
0.025398
0.001000
0.026806
0.001000
0.001000
0.001000
0.025847
0.031555
0.001000
0.001000
0.032006
0.019351
0.001000
0.030067
0.013473
0.014289
0.013620
0.013608
0.028516
0.014163
0.014106
0.013838
0.013386
0.020474
0.001000
0.001000
0.001000
0.001000
0.001000
0.001000
0.031099
0.001000
0.001000
0.001000
0.001000
0.020373
0.018342
0.001000
0.001000
0.017800
0.020474
0.001000
0.014096
0.032605
0.013977
0.001000
0.017212
0.013433
0.026082
0.001000
0.001000
0.001000
0.001000
0.001000
0.001000
0.001000
0.001000
0.001000
0.029560
0.028587
0.025440
0.001000
0.001000
0.018493
0.024925
0.001000
0.001000
0.020123
0.001000
0.027826
0.001000
0.001000
0.028198
0.001000
0.015955
0.001000
0.001000
0.001000
0.001000
0.001000
0.025402
0.001000
0.030733
0.001000
0.031405
0.025644
0.031858
0.016888
0.029097
0.025403
0.031234
0.020279
0.016451
0.001000
0.018542
0.018093
0.026795
0.029962
0.019118
0.001000
0.001000
0.016793
0.020575
0.018720
0.025016
0.001000
0.001000
0.001000
0.019538
0.030333
0.001000
0.019591
0.001000
0.029550
0.018752
0.018601
0.020215
0.018041
0.029579
0.030501
0.027489
0.001000
0.030902
0.001000
0.001000
0.017224
0.001000
0.001000
0.001000
0.001000
0.001000
0.020205
0.001000
0.030186
0.027398
0.031050
0.019367
0.031873
0.001000
0.019759
0.031417
0.030591
0.019107
0.029450
0.001000
0.028724
0.030210
0.001000
0.001000
0.017996
0.030939
0.018614
0.016884
0.026149
0.026487
0.029742
0.027054
0.027899
0.027989
0.018117
0.030396
0.031463
0.001000
0.018762
0.017901
0.001000
0.021040
0.027275
0.001000
0.027974
0.029735
0.001000
0.028923
0.001000
0.027279
0.027709
0.001000
0.001000
0.001000
0.027351
0.001000
0.001000
0.001000
0.001000
0.018994
0.028538
0.026462
0.019673
0.001000
0.030495
0.019572
0.001000
0.001000
0.001000
0.001000
0.001000
0.028626
0.029503
0.018434
0.019555
0.030157
0.032677
0.019935
0.016477
0.029696
0.001000
0.020664
0.020337
0.021072
0.001000
0.019294
0.019500
0.018153
0.016980
0.001000
0.029510
0.029197
0.018049
0.030989
0.027490
0.016759
0.030613
0.015718
0.018773
0.018676
0.026081
0.001000
0.001000
0.001000
0.001000
0.001000
0.001000
0.001000
0.001000
0.001000
0.001000
0.016640
0.018804
0.017510
0.016314
0.027186
0.020844
0.018161
0.017914
0.025813
0.001000
0.019781
0.020469
0.018085
0.016534
0.029263
0.017661
0.016333
0.018849
0.001000
0.026645
0.020139
0.018312
0.016509
0.028320
0.026937
0.020019
0.025817
0.027012
0.025386
0.024290
0.001000
0.025639
0.027589
0.031158
0.001000
0.001000
0.032416
0.001000
0.001000
0.017725
0.018128
0.028076
0.019135
0.016366
0.025073
0.031092
0.025436
0.020062
0.001000
0.030013
0.001000
0.016390
0.001000
0.001000
0.001000
0.017624
0.017755
0.001000
0.019714
0.017984
0.001000
0.030379
0.017406
0.018049
0.001000
0.017784
0.017558
0.001000
0.025296
0.017168
0.031791
0.029444
0.018647
0.029333
0.028985
0.026065
0.032485
0.029864
0.027940
0.016846
0.031434
0.030151
0.001000
0.018648
0.029305
0.028835
0.018671
0.028678
0.018324
0.029290
0.029573
0.019209
0.019589
0.029070
0.028383
0.019940
0.016823
0.031326
0.031400
0.026402
0.019257
0.020012
0.018933
0.017068
0.030620
0.001000
0.001000
0.001000
0.014075
0.013840
0.013420
0.013843
0.027992
0.014174
0.013902
0.013731
0.014211
0.013763
0.013676
0.013410
0.027431
0.001000
0.019364
0.013562
0.001000
0.030619
0.030000
0.029556
0.016919
0.024474
0.027496
0.032105
0.031746
0.017911
0.031181
0.001000
0.031004
0.001000
0.001000
0.014039
0.013946
0.001000
0.001000
0.001000
0.013770
0.013890
0.030902
0.001000
0.001000
0.001000
0.001000
0.001000
0.001000
0.030575
0.001000
0.018009
0.001000
0.029798
0.028614
0.030165
0.018826
0.029476
0.030929
0.028256
0.025675
0.028917
0.019200
0.016104
0.030314
0.001000
0.021191
0.031156
0.001000
0.032233
0.020178
0.001000
0.026847
0.001000
0.031176
0.030340
0.030284
0.028417
0.029506
0.001000
0.028808
0.030170
0.001000
0.031495
0.001000
0.031143
0.001000
0.001000
0.018075
0.029126
0.001000
0.019662
0.032072
0.018434
0.025180
0.019295
0.001000
0.032100
0.016847
0.019807
0.018513
0.029868
0.025981
0.018378
0.031128
0.019434
0.030102
0.031066
0.029296
0.001000
0.030383
0.001000
0.001000
0.001000
0.001000
0.001000
0.027912
0.018602
0.031015
0.026045
0.019386
0.025553
0.001000
0.031289
0.024696
0.028492
0.017737
0.026848
0.016867
0.001000
0.028918
0.028881
0.028210
0.001000
0.001000
0.001000
0.001000
0.001000
0.030509
0.020588
0.018479
0.001000
0.001000
0.029638
0.026872
0.026766
0.020110
0.027182
0.030843
0.018179
0.030453
0.031549
0.001000
0.001000
0.018370
0.017828
0.026841
0.001000
0.029636
0.001000
0.031175
0.029515
0.001000
0.017001
0.030617
0.030016
0.029174
0.018895
0.028933
0.026949
0.027734
0.026348
0.001000
0.019150
0.026677
0.001000
0.025295
0.028549
0.001000
0.030907
0.018356
0.017778
0.025032
0.031467
0.027470
0.019523
0.027917
0.029270
0.028022
0.030231
0.030229
0.026569
0.019117
0.026238
0.001000
0.029928
0.026688
0.001000
0.017811
0.017955
0.026347
0.001000
0.020514
0.001000
0.001000
0.026278
0.030230
0.016209
0.017501
0.030652
0.029172
0.031165
0.026233
0.032116
0.018388
0.031174
0.027791
0.026646
0.032382
0.030653
0.032050
0.031712
0.027063
0.025046
0.031213
0.028598
0.018015
0.001000
0.029764
0.018261
0.017108
0.016283
0.026791
0.025513
0.026917
0.029741
0.017047
0.019124
0.031362
0.001000
0.028518
0.001000
0.017895
0.001000
0.018836
0.018601
0.031053
0.001000
0.029473
0.029516
0.027845
0.001000
0.028747
0.031208
0.026727
0.028253
0.029073
0.030589
0.001000
0.031380
0.001000
0.027722
0.001000
0.001000
0.001000
0.001000
0.018334
0.028083
0.028915
0.018427
0.019558
0.027162
0.028735
0.001000
0.001000
0.018044
0.001000
0.001000
0.001000
0.017752
0.017929
0.031299
0.020420
0.018219
0.018509
0.018966
0.019455
0.027333
0.001000
0.019750
0.030999
0.031831
0.029028
0.020682
0.028289
0.001000
0.029754
0.018627
0.028950
0.016839
0.030157
0.001000
0.018559
0.024315
0.001000
0.001000
0.001000
0.030144
0.001000
0.001000
0.001000
0.001000
0.001000
0.001000
0.001000
0.001000
0.001000
0.001000
0.018203
0.026451
0.014046
0.013894
0.026513
0.013863
0.032204
0.013538
0.014264
0.013758
0.019230
0.013868
0.014257
0.001000
0.001000
0.001000
0.001000
0.001000
0.029226
0.001000
0.001000
0.001000
0.001000
0.018321
0.001000
0.001000
0.029425
0.001000
0.001000
0.032060
0.001000
0.001000
0.001000
0.001000
0.001000
0.001000
0.001000
0.001000
0.018310
0.001000
0.001000
0.001000
0.027357
0.019428
0.028923
0.019560
0.019803
0.027992
0.027132
0.029143
0.017875
0.018306
0.029709
0.018597
0.019284
0.028248
0.018709
0.026554
0.020053
0.001000
0.028835
0.018519
0.019266
0.026690
0.001000
0.001000
0.001000
0.026641
0.028787
0.025493
0.019449
0.026557
0.018814
0.029377
0.029041
0.001000
0.018566
0.001000
0.016224
0.030868
0.030744
0.029929
0.001000
0.001000
0.001000
0.001000
0.017717
0.001000
0.030909
0.026387
0.031578
0.027311
0.001000
0.001000
0.001000
0.001000
0.001000
0.027601
0.028630
0.030868
0.001000
0.001000
0.001000
0.001000
0.001000
0.027649
0.016276
0.026047
0.018526
0.018021
0.019842
0.001000
0.001000
0.001000
0.001000
0.001000
0.001000
0.001000
0.019565
0.001000
0.020390
0.001000
0.019268
0.025967
0.029359
0.027328
0.027672
0.028720
0.029283
0.018393
0.029037
0.001000
0.001000
0.001000
0.001000
0.001000
0.001000
0.001000
0.001000
0.020098
0.029539
0.001000
0.001000
0.019769
0.001000
0.001000
0.001000
0.028247
0.001000
0.027003
0.025440
0.001000
0.029310
0.001000
0.027580
0.001000
0.001000
0.028904
0.028877
0.018547
0.029858
0.029640
0.029350
0.018760
0.032441
0.026831
0.031187
0.026440
0.025901
0.025238
0.026999
0.026846
0.030205
0.029620
0.032801
0.018043
0.001000
0.025845
0.001000
0.001000
0.001000
0.001000
0.001000
0.030940
0.001000
0.001000
0.019546
0.016121
0.028903
0.017220
0.019075
0.018817
0.017881
0.016499
0.019767
0.001000
0.001000
0.018562
0.001000
0.001000
0.001000
0.017964
0.028437
0.019630
0.026944
0.017477
0.028338
0.001000
0.019965
0.016892
0.028213
0.030838
0.017204
0.001000
0.001000
0.001000
0.001000
0.028009
0.019064
0.020383
0.001000
0.029465
0.001000
0.028110
0.001000
0.001000
0.032087
0.001000
0.019113
0.001000
0.001000
0.001000
0.001000
0.001000
0.028744
0.025093
0.017550
0.018409
0.018463
0.031106
0.026969
0.020535
0.030937
0.028588
0.001000
0.016579
0.001000
0.001000
0.001000
0.001000
0.001000
0.029760
0.018277
0.020300
0.001000
0.016837
0.030313
0.025284
0.028389
0.019344
0.020438
0.017025
0.018127
0.019483
0.019067
0.029339
0.020005
0.020071
0.017034
0.025583
0.001000
0.017121
0.001000
0.001000
0.018752
0.029760
0.031892
0.001000
0.001000
0.001000
0.001000
0.001000
0.001000
0.001000
0.001000
0.001000
0.001000
0.020070
0.030174
0.030609
0.030859
0.016275
0.017984
0.030804
0.030354
0.019304
0.001000
0.018374
0.027297
0.001000
0.001000
0.001000
0.030091
0.019976
0.020285
0.016585
0.028869
0.018663
0.028536
0.017725
0.001000
0.001000
0.028200
0.001000
0.001000
0.016290
0.016817
0.001000
0.001000
0.001000
0.020317
0.001000
0.013915
0.013357
0.013422
0.013578
0.014292
0.013389
0.014170
0.013978
0.001000
0.001000
0.001000
0.026717
0.001000
0.028084
0.001000
0.001000
0.001000
0.001000
0.028966
0.001000
0.001000
0.017796
0.001000
0.001000
0.001000
0.001000
0.025733
0.001000
0.001000
0.026991
0.025909
0.001000
0.019743
0.018255
0.016927
0.030136
0.029805
0.018676
0.019478
0.027093
0.017556
0.028114
0.027802
0.017789
0.030477
0.019266
0.027513
0.001000
0.001000
0.001000
0.001000
0.001000
0.001000
0.017569
0.001000
0.001000
0.001000
0.001000
0.001000
0.025432
0.001000
0.001000
0.027503
0.001000
0.001000
0.001000
0.029386
0.001000
0.001000
0.001000
0.020326
0.001000
0.031346
0.019338
0.026274
0.030007
0.026265
0.032360
0.025858
0.001000
0.018360
0.030770
0.027698
0.019291
0.029882
0.031302
0.026815
0.027493
0.030400
0.019095
0.025015
0.020003
0.017875
0.001000
0.019674
0.029246
0.029410
0.016243
0.029238
0.028320
0.017916
0.030773
0.031668
0.001000
0.028896
0.029510
0.001000
0.001000
0.029128
0.001000
0.001000
0.001000
0.026187
0.032337
0.001000
0.018806
0.029004
0.019251
0.028912
0.019308
0.016229
0.030832
0.025459
0.030394
0.028615
0.018455
0.027221
0.027669
0.017661
0.031892
0.017272
0.020110
0.029220
0.001000
0.001000
0.001000
0.030380
0.001000
0.027705
0.030176
0.027467
0.025490
0.027076
0.027286
0.030211
0.001000
0.028403
0.027923
0.001000
0.018916
0.029563
0.017468
0.028112
0.029897
0.001000
0.001000
0.031394
0.001000
0.001000
0.001000
0.001000
0.001000
0.001000
0.001000
0.019408
0.028551
0.017035
0.029039
0.001000
0.018471
0.026039
0.025709
0.001000
0.001000
0.001000
0.001000
0.018238
0.001000
0.025733
0.031986
0.027512
0.027985
0.031553
0.029998
0.025996
0.025854
0.019689
0.031075
0.026696
0.029707
0.018394
0.031031
0.031328
0.029681
0.027700
0.017999
0.020336
0.019257
0.018694
0.026769
0.001000
0.019883
0.001000
0.018061
0.001000
0.001000
0.001000
0.001000
0.001000
0.032481
0.019376
0.031009
0.029539
0.019704
0.001000
0.001000
0.001000
0.001000
0.001000
0.001000
0.001000
0.001000
0.026032
0.018705
0.017195
0.028127
0.020270
0.019777
0.020407
0.030871
0.028993
0.020869
0.030361
0.030405
0.001000
0.026733
0.030606
0.001000
0.026392
0.031411
0.001000
0.001000
0.001000
0.001000
0.001000
0.018747
0.029015
0.001000
0.028307
0.027191
0.016450
0.016581
0.029217
0.027181
0.028246
0.028148
0.028967
0.027083
0.029209
0.019364
0.026626
0.028358
0.001000
0.001000
0.001000
0.001000
0.001000
0.001000
0.001000
0.019249
0.001000
0.025180
0.001000
0.001000
0.031722
0.028250
0.001000
0.001000
0.001000
0.001000
0.001000
0.013399
0.029017
0.001000
0.001000
0.029011
0.001000
0.029173
0.001000
0.001000
0.001000
0.001000
0.001000
0.001000
0.001000
0.001000
0.030380
0.001000
0.001000
0.029668
0.001000
0.028471
0.001000
0.031881
0.001000
0.017799
0.030214
0.018018
0.001000
0.028005
0.032213
0.029839
0.026370
0.016921
0.029733
0.026907
0.026901
0.027409
0.027170
0.031660
0.026324
0.029764
0.001000
0.001000
0.019653
0.026418
0.029234
0.020588
0.019148
0.020672
0.027328
0.025211
0.018841
0.029506
0.026528
0.027849
0.001000
0.018980
0.028010
0.025094
0.001000
0.026796
0.031869
0.027184
0.028388
0.031775
0.029515
0.030753
0.001000
0.031071
0.001000
0.001000
0.001000
0.018823
0.028244
0.030086
0.030031
0.029477
0.001000
0.027284
0.027976
0.030246
0.027767
0.001000
0.001000
0.001000
0.001000
0.018796
0.029817
0.027788
0.030118
0.027703
0.027119
0.018800
0.029955
0.026823
0.001000
0.027138
0.032194
0.030484
0.027418
0.026658
0.028648
0.032206
0.019264
0.001000
0.001000
0.001000
0.001000
0.001000
0.001000
0.001000
0.001000
0.001000
0.019348
0.019209
0.017721
0.018480
0.001000
0.019459
0.029680
0.001000
0.001000
0.028113
0.029055
0.001000
0.001000
0.001000
0.029964
0.001000
0.027216
0.030555
0.032125
0.017859
0.001000
0.017989
0.019552
0.018450
0.020435
0.025589
0.020071
0.017584
0.016658
0.018276
0.018665
0.025726
0.028804
0.030529
0.030572
0.027518
0.028933
0.030481
0.032215
0.017859
0.001000
0.024671
0.016340
0.016971
0.001000
0.028046
0.020341
0.030480
0.017021
0.028486
0.030189
0.001000
0.019046
0.019549
0.029374
0.019452
0.030608
0.030415
0.026879
0.029511
0.001000
0.029093
0.001000
0.001000
0.001000
0.001000
0.001000
0.001000
0.001000
0.001000
0.018627
0.001000
0.025576
0.026468
0.001000
0.001000
0.001000
0.001000
0.001000
0.001000
0.001000
0.001000
0.001000
0.001000
0.001000
0.001000
0.001000
0.001000
0.001000
0.017764
0.027769
0.031497
0.028878
0.001000
0.027223
0.030692
0.001000
0.017579
0.030513
0.019415
0.028825
0.032311
0.018927
0.017206
0.015850
0.001000
0.026443
0.001000
0.030158
0.019449
0.028531
0.020066
0.016701
0.018154
0.019966
0.018769
0.017825
0.027402
0.029056
0.027295
0.032540
0.001000
0.031321
0.019964
0.028253
0.026051
0.020147
0.028717
0.026567
0.027022
0.030978
0.029792
0.001000
0.014061
0.018332
0.001000
0.001000
0.001000
0.001000
0.001000
0.001000
0.001000
0.001000
0.001000
0.001000
0.001000
0.001000
0.001000
0.001000
0.001000
0.001000
0.001000
0.001000
0.001000
0.001000
0.001000
0.001000
0.001000
0.031740
0.030651
0.026672
0.030726
0.029023
0.028529
0.029519
0.018467
0.029598
0.031882
0.028871
0.001000
0.027976
0.028756
0.030101
0.030223
0.018398
0.030647
0.029427
0.017670
0.019305
0.029212
0.017269
0.027798
0.030140
0.028617
0.026243
0.028850
0.032724
0.031304
0.030135
0.029297
0.025937
0.025105
0.029150
0.028776
0.020408
0.031888
0.001000
0.020167
0.028638
0.001000
0.019422
0.026270
0.026321
0.001000
0.028650
0.001000
0.018853
0.029000
0.024802
0.020098
0.020081
0.019835
0.018167
0.018113
0.001000
0.001000
0.001000
0.001000
0.018720
0.001000
0.028016
0.019564
0.019022
0.017571
0.027791
0.030148
0.020064
0.027687
0.027224
0.017619
0.030588
0.031841
0.032035
0.030338
0.017537
0.018307
0.018413
0.016354
0.025816
0.027129
0.017170
0.017454
0.020277
0.020372
0.019522
0.030148
0.001000
0.020111
0.021003
0.026095
0.001000
0.029513
0.001000
0.001000
0.026236
0.018000
0.001000
0.001000
0.001000
0.001000
0.001000
0.019048
0.030090
0.030228
0.030737
0.020026
0.021453
0.027659
0.026036
0.028846
0.001000
0.029260
0.027361
0.030013
0.027776
0.028258
0.025516
0.001000
0.001000
0.027062
0.001000
0.001000
0.028426
0.001000
0.016021
0.019485
0.001000
0.017425
0.001000
0.001000
0.001000
0.028393
0.027503
0.028922
0.026314
0.028877
0.028638
0.018110
0.029106
0.031475
0.025436
0.031861
0.019501
0.017913
0.001000
0.018175
0.030378
0.017559
0.001000
0.018405
0.025983
0.001000
0.001000
0.001000
0.001000
0.001000
0.001000
0.001000
0.001000
0.018844
0.001000
0.029126
0.029345
0.017699
0.030460
0.001000
0.018860
0.001000
0.029585
0.019675
0.001000
0.027238
0.029047
0.019139
0.001000
0.017204
0.019512
0.016323
0.032075
0.001000
0.030270
0.019039
0.030958
0.028272
0.026783
0.027879
0.025068
0.001000
0.001000
0.001000
0.001000
0.001000
0.019534
0.028291
0.020905
0.001000
0.001000
0.019584
0.026136
0.001000
0.020383
0.018161
0.001000
0.001000
0.018577
0.025998
0.020244
0.001000
0.030208
0.031892
0.028427
0.030741
0.018937
0.027669
0.030300
0.029552
0.028271
0.028207
0.017771
0.001000
0.021017
0.019853
0.019226
0.026890
0.018604
0.001000
0.016413
0.001000
0.018158
0.001000
0.019929
0.030410
0.001000
0.001000
0.001000
0.001000
0.001000
0.001000
0.027776
0.001000
0.001000
0.001000
0.017028
0.001000
0.019174
0.001000
0.025435
0.020571
0.030592
0.018735
0.026965
0.001000
0.020595
0.001000
0.001000
0.001000
0.001000
0.001000
0.001000
0.001000
0.001000
0.001000
0.001000
0.018014
0.016640
0.018579
0.026500
0.019212
0.029309
0.019845
0.017122
0.019022
0.031290
0.001000
0.028072
0.001000
0.001000
0.015837
0.018899
0.001000
0.001000
0.019158
0.019068
0.018143
0.026089
0.027166
0.001000
0.018986
0.026166
0.029959
0.029055
0.030820
0.025555
0.027645
0.028900
0.020127
0.024736
0.001000
0.001000
0.024556
0.018379
0.001000
0.018503
0.019693
0.001000
0.018334
0.019013
0.016306
0.028058
0.017202
0.001000
0.016508
0.020852
0.031676
0.029155
0.027351
0.018702
0.030405
0.001000
0.019197
0.028862
0.001000
0.001000
0.018728
0.018552
0.017854
0.017861
0.017742
0.001000
0.026599
0.014077
0.013451
0.013375
0.013827
0.014216
0.013782
0.014313
0.014175
0.027169
0.027638
0.017466
0.001000
0.029606
0.020929
0.001000
0.001000
0.030749
0.001000
0.001000
0.001000
0.001000
0.001000
0.025165
0.001000
0.025955
0.001000
0.019290
0.001000
0.001000
0.001000
0.001000
0.032583
0.001000
0.001000
0.018670
0.001000
0.029335
0.029272
0.020014
0.032119
0.030895
0.027790
0.018177
0.030492
0.017660
0.001000
0.028445
0.029008
0.029787
0.030888
0.018724
0.027694
0.018992
0.029794
0.020758
0.028319
0.018420
0.001000
0.028497
0.019473
0.001000
0.001000
0.031822
0.031973
0.024725
0.001000
0.001000
0.018705
0.030698
0.018896
0.020157
0.018863
0.001000
0.020755
0.019265
0.019513
0.028973
0.018826
0.027232
0.027411
0.019191
0.028363
0.028886
0.028141
0.026421
0.018725
0.030332
0.029705
0.026520
0.029346
0.017283
0.018253
0.018056
0.018548
0.017611
0.017358
0.025683
0.027981
0.027795
0.025927
0.027304
0.030320
0.028046
0.029695
0.029358
0.019693
0.031605
0.030305
0.028563
0.001000
0.018758
0.001000
0.001000
0.018159
0.001000
0.029353
0.028233
0.026337
0.001000
0.001000
0.001000
0.001000
0.032717
0.020146
0.031096
0.029684
0.026053
0.021162
0.019194
0.026591
0.020502
0.025240
0.001000
0.017521
0.001000
0.001000
0.001000
0.001000
0.001000
0.001000
0.016450
0.001000
0.001000
0.001000
0.028091
0.001000
0.001000
0.030556
0.001000
0.029749
0.019182
0.001000
0.001000
0.001000
0.030552
0.020319
0.018212
0.018228
0.020503
0.001000
0.001000
0.019041
0.001000
0.001000
0.029288
0.029262
0.031302
0.026303
0.029579
0.028819
0.018398
0.029578
0.001000
0.025954
0.020425
0.019246
0.031244
0.019293
0.001000
0.029677
0.018343
0.029078
0.019230
0.027427
0.030395
0.015998
0.029646
0.028733
0.026647
0.001000
0.030048
0.026369
0.027291
0.001000
0.001000
0.025924
0.001000
0.001000
0.027303
0.001000
0.001000
0.001000
0.001000
0.019154
0.001000
0.017710
0.018682
0.027068
0.001000
0.020432
0.001000
0.020300
0.001000
0.018122
0.001000
0.019356
0.029029
0.027794
0.029717
0.025706
0.026331
0.028335
0.028385
0.030987
0.029395
0.027346
0.027427
0.027645
0.024962
0.026252
0.030369
0.028092
0.029218
0.024558
0.018257
0.020978
0.027580
0.017497
0.001000
0.001000
0.029198
0.001000
0.018406
0.017463
0.017621
0.001000
0.016876
0.001000
0.030820
0.029249
0.028865
0.020306
0.031990
0.018601
0.018943
0.020761
0.027668
0.001000
0.017087
0.027704
0.019344
0.020047
0.027815
0.031794
0.001000
0.025256
0.020075
0.019101
0.019951
0.018285
0.019481
0.018415
0.017049
0.001000
0.029275
0.028579
0.027952
0.028831
0.030732
0.017205
0.001000
0.001000
0.032061
0.026558
0.025761
0.028217
0.029535
0.017673
0.019600
0.031352
0.030560
0.025879
0.029365
0.025850
0.030704
0.031920
0.032389
0.017917
0.029089
0.027147
0.001000
0.001000
0.001000
0.032263
0.001000
0.018447
0.001000
0.028713
0.028290
0.028466
0.018390
0.028509
0.027348
0.026620
0.031849
0.020154
0.028648
0.029547
0.029601
0.020232
0.001000
0.028740
0.018313
0.018126
0.017256
0.018209
0.017441
0.029664
0.018029
0.030707
0.001000
0.030207
0.020402
0.001000
0.027858
0.001000
0.001000
0.001000
0.001000
0.001000
0.001000
0.025377
0.001000
0.001000
0.001000
0.018327
0.018036
0.026619
0.014145
0.019012
0.018322
0.018346
0.001000
0.029109
0.001000
0.001000
0.001000
0.029031
0.028311
0.028267
0.028008
0.019768
0.024661
0.027400
0.019914
0.028726
0.029358
0.026506
0.027120
0.001000
0.001000
0.001000
0.019748
0.030667
0.019779
0.018688
0.020809
0.001000
0.016085
0.020928
0.020410
0.017945
0.028209
0.028749
0.026201
0.027685
0.027605
0.028895
0.030232
0.001000
0.030002
0.001000
0.029284
0.001000
0.027344
0.028242
0.025357
0.001000
0.027080
0.030078
0.001000
0.020168
0.017948
0.001000
0.025602
0.001000
0.019375
0.025379
0.027778
0.030098
0.019608
0.027437
0.028299
0.029406
0.030555
0.025491
0.025629
0.018443
0.001000
0.018618
0.020033
0.017150
0.017391
0.001000
0.020851
0.016700
0.027483
0.026995
0.026181
0.017049
0.017615
0.019062
0.001000
0.001000
0.020016
0.021314
0.030206
0.001000
0.001000
0.001000
0.001000
0.001000
0.001000
0.030851
0.030391
0.027920
0.030265
0.025502
0.017766
0.031312
0.031563
0.029481
0.028548
0.025349
0.027100
0.030807
0.028008
0.001000
0.025088
0.026245
0.026410
0.001000
0.030787
0.031120
0.025722
0.031362
0.028779
0.029017
0.017382
0.020260
0.029697
0.001000
0.001000
0.001000
0.001000
0.001000
0.001000
0.001000
0.001000
0.001000
0.001000
0.001000
0.001000
0.001000
0.029935
0.020750
0.020276
0.025148
0.020290
0.019963
0.030187
0.018023
0.025772
0.026891
0.029552
0.015876
0.017906
0.017109
0.020891
0.026495
0.019178
0.017300
0.029258
0.018837
0.018012
0.018349
0.001000
0.001000
0.001000
0.020358
0.001000
0.001000
0.001000
0.001000
0.001000
0.001000
0.018720
0.001000
0.028148
0.029091
0.027451
0.028752
0.031902
0.028696
0.017222
0.027099
0.029827
0.027070
0.017542
0.028286
0.028418
0.030200
0.019089
0.032794
0.027857
0.001000
0.026986
0.028346
0.019619
0.017839
0.027114
0.001000
0.018882
0.026372
0.018716
0.028137
0.001000
0.028897
0.018151
0.018948
0.017208
0.020092
0.001000
0.018372
0.027619
0.020027
0.017654
0.025188
0.018848
0.030150
0.030962
0.025271
0.018877
0.001000
0.001000
0.001000
0.001000
0.001000
0.001000
0.018623
0.019842
0.028100
0.028956
0.027539
0.019573
0.018025
0.027886
0.018535
0.019556
0.021527
0.001000
0.001000
0.001000
0.001000
0.018484
0.016572
0.001000
0.027264
0.030075
0.019957
0.025927
0.029885
0.026160
0.019368
0.025711
0.030586
0.030596
0.028764
0.029688
0.026599
0.001000
0.017773
0.030296
0.001000
0.001000
0.001000
0.027508
0.029861
0.019190
0.031761
0.028103
0.001000
0.029345
0.014182
0.014068
0.014089
0.014102
0.013530
0.013889
0.013586
0.013513
0.013853
0.001000
0.001000
0.001000
0.001000
0.031709
0.001000
0.001000
0.001000
0.001000
0.001000
0.001000
0.001000
0.001000
0.001000
0.001000
0.001000
0.001000
0.030899
0.001000
0.031988
0.001000
0.001000
0.026652
0.001000
0.031186
0.001000
0.001000
0.001000
0.001000
0.001000
0.001000
0.001000
0.001000
0.001000
0.001000
0.029956
0.028811
0.001000
0.032383
0.030229
0.030491
0.028614
0.019190
0.027020
0.019548
0.018235
0.018198
0.001000
0.019879
0.016769
0.029220
0.017978
0.020063
0.017713
0.028991
0.017712
0.001000
0.001000
0.017830
0.026670
0.001000
0.001000
0.001000
0.001000
0.001000
0.001000
0.029181
0.019085
0.018387
0.031794
0.030155
0.030016
0.031633
0.027245
0.029938
0.028066
0.019587
0.018173
0.018846
0.018805
0.019388
0.029862
0.028723
0.028425
0.017892
0.020546
0.016886
0.030834
0.018118
0.017099
0.020011
0.031752
0.027335
0.030798
0.019264
0.030304
0.017631
0.020671
0.026466
0.001000
0.001000
0.001000
0.001000
0.001000
0.001000
0.017593
0.018502
0.018727
0.001000
0.030462
0.001000
0.026210
0.001000
0.025773
0.001000
0.018878
0.001000
0.001000
0.001000
0.001000
0.001000
0.031675
0.001000
0.032913
0.001000
0.001000
0.017184
0.017372
0.019669
0.019057
0.019196
0.028026
0.032705
0.029851
0.024689
0.029139
0.019370
0.032482
0.028108
0.025405
0.018322
0.029972
0.028300
0.017614
0.001000
0.019032
0.001000
0.001000
0.001000
0.028957
0.001000
0.001000
0.016651
0.018057
0.031973
0.001000
0.001000
0.001000
0.001000
0.027210
0.030873
0.028271
0.029017
0.029621
0.027303
0.030490
0.018660
0.030878
0.027515
0.030667
0.026554
0.029863
0.018082
0.033061
0.025194
0.001000
0.030047
0.017799
0.026278
0.029674
0.020041
0.018279
0.017334
0.029721
0.029054
0.028502
0.028702
0.027924
0.017826
0.029242
0.001000
0.001000
0.029464
0.018065
0.019664
0.019543
0.017768
0.018977
0.029878
0.030453
0.026131
0.027821
0.019196
0.028064
0.024807
0.026322
0.028235
0.016213
0.020201
0.016983
0.018283
0.001000
0.001000
0.001000
0.001000
0.018040
0.030994
0.001000
0.001000
0.001000
0.031058
0.031452
0.027907
0.029548
0.032763
0.029247
0.017595
0.029716
0.031021
0.028367
0.018820
0.029696
0.016477
0.032526
0.020038
0.018400
0.018412
0.029701
0.031032
0.027866
0.030896
0.018019
0.001000
0.017942
0.028953
0.032181
0.027386
0.029699
0.001000
0.017485
0.026891
0.017131
0.001000
0.020110
0.028340
0.027585
0.028975
0.029694
0.029304
0.019931
0.030709
0.031035
0.017876
0.024462
0.027895
0.027001
0.031077
0.030915
0.031275
0.028155
0.001000
0.001000
0.001000
0.001000
0.031116
0.001000
0.001000
0.030082
0.001000
0.001000
0.030841
0.019001
0.030659
0.001000
0.018753
0.027313
0.019417
0.027101
0.001000
0.018208
0.018367
0.001000
0.017541
0.001000
0.018673
0.030263
0.028715
0.018459
0.027494
0.028949
0.001000
0.017366
0.001000
0.001000
0.001000
0.001000
0.001000
0.020514
0.014065
0.018590
0.001000
0.001000
0.020215
0.001000
0.001000
0.001000
0.013568
0.013542
0.013494
0.001000
0.013857
0.013420
0.030547
0.028760
0.027717
0.018401
0.001000
0.001000
0.001000
0.013986
0.001000
0.030152
0.001000
0.030703
0.001000
0.001000
0.001000
0.032455
0.018168
0.001000
0.019940
0.031058
0.001000
0.027578
0.001000
0.001000
0.019718
0.032130
0.026234
0.018943
0.025990
0.030280
0.030060
0.001000
0.018820
0.018327
0.018983
0.001000
0.030218
0.001000
0.028995
0.001000
0.001000
0.030458
0.001000
0.001000
0.001000
0.030180
0.001000
0.026501
0.027108
0.017909
0.030523
0.016329
0.025295
0.001000
0.029398
0.001000
0.031123
0.018398
0.001000
0.001000
0.001000
0.001000
0.001000
0.020365
0.001000
0.027107
0.029435
0.001000
0.029557
0.027487
0.018579
0.024987
0.033140
0.027473
0.019088
0.026997
0.028694
0.016875
0.018671
0.001000
0.027134
0.027714
0.029213
0.019391
0.030037
0.016565
0.019095
0.029967
0.021112
0.017674
0.029335
0.028853
0.031741
0.001000
0.026970
0.020728
0.026223
0.001000
0.001000
0.001000
0.001000
0.001000
0.017602
0.001000
0.001000
0.001000
0.018210
0.028814
0.019871
0.025644
0.026976
0.018982
0.030804
0.019787
0.027130
0.019217
0.030526
0.017112
0.018602
0.027152
0.026608
0.026959
0.015924
0.032060
0.019241
0.020123
0.001000
0.001000
0.001000
0.027472
0.001000
0.001000
0.026428
0.024522
0.001000
0.001000
0.001000
0.001000
0.001000
0.027891
0.026619
0.026304
0.027972
0.027991
0.027216
0.029337
0.030978
0.029111
0.028303
0.028894
0.029774
0.001000
0.001000
0.025382
0.001000
0.001000
0.026926
0.020053
0.028237
0.031569
0.026433
0.029190
0.029172
0.027976
0.026993
0.001000
0.001000
0.001000
0.030164
0.028593
0.032081
0.001000
0.025673
0.019399
0.031303
0.028621
0.029645
0.001000
0.001000
0.001000
0.030095
0.001000
0.030588
0.019455
0.031150
0.031022
0.001000
0.025814
0.026096
0.029806
0.001000
0.001000
0.001000
0.018734
0.026060
0.001000
0.030123
0.019745
0.019547
0.030509
0.027833
0.018132
0.030115
0.032151
0.028060
0.027236
0.028139
0.026424
0.001000
0.001000
0.001000
0.001000
0.027855
0.001000
0.001000
0.029060
0.027839
0.031478
0.028207
0.031582
0.016407
0.015912
0.030063
0.026812
0.017736
0.027205
0.018731
0.019622
0.001000
0.001000
0.001000
0.032286
0.001000
0.001000
0.001000
0.018093
0.001000
0.001000
0.001000
0.030366
0.001000
0.001000
0.001000
0.001000
0.025423
0.030823
0.032441
0.025217
0.018441
0.029336
0.028799
0.026237
0.001000
0.001000
0.028319
0.001000
0.001000
0.017326
0.001000
0.001000
0.001000
0.001000
0.001000
0.001000
0.019619
0.032663
0.031854
0.027049
0.017161
0.021105
0.026396
0.016845
0.001000
0.018316
0.001000
0.001000
0.019510
0.001000
0.001000
0.001000
0.016544
0.001000
0.029612
0.001000
0.001000
0.001000
0.019913
0.031612
0.001000
0.001000
0.001000
0.001000
0.030834
0.001000
0.013820
0.028342
0.001000
0.001000
0.001000
0.001000
0.001000
0.001000
0.001000
0.017823
0.001000
0.001000
0.001000
0.001000
0.001000
0.031882
0.001000
0.001000
0.001000
0.018343
0.001000
0.001000
0.025604
0.027222
0.018648
0.030740
0.001000
0.025299
0.001000
0.001000
0.001000
0.019555
0.028321
0.001000
0.017682
0.026519
0.001000
0.027677
0.030382
0.017759
0.028209
0.030028
0.001000
0.026335
0.017711
0.016905
0.018159
0.024941
0.025208
0.028744
0.001000
0.026373
0.001000
0.001000
0.001000
0.001000
0.001000
0.001000
0.019875
0.027105
0.025832
0.001000
0.001000
0.017795
0.026274
0.001000
0.027946
0.001000
0.001000
0.001000
0.001000
0.001000
0.001000
0.001000
0.017653
0.029338
0.029749
0.028249
0.025841
0.030961
0.019841
0.026966
0.028654
0.001000
0.019950
0.031077
0.030259
0.028015
0.027316
0.024884
0.027940
0.001000
0.001000
0.001000
0.001000
0.001000
0.001000
0.001000
0.001000
0.001000
0.001000
0.026656
0.001000
0.001000
0.027222
0.027639
0.001000
0.027930
0.019192
0.029212
0.027182
0.028229
0.030231
0.025770
0.017297
0.028516
0.019722
0.029836
0.018894
0.029882
0.001000
0.025533
0.018617
0.026880
0.016865
0.019788
0.026190
0.019329
0.027716
0.027521
0.027267
0.027851
0.020452
0.018526
0.028893
0.017709
0.029337
0.028285
0.030226
0.026554
0.001000
0.001000
0.001000
0.001000
0.001000
0.001000
0.001000
0.001000
0.001000
0.001000
0.027473
0.030146
0.018446
0.001000
0.001000
0.001000
0.001000
0.027504
0.027874
0.029010
0.026645
0.030001
0.019628
0.001000
0.001000
0.029165
0.027587
0.030559
0.001000
0.001000
0.001000
0.001000
0.001000
0.031765
0.001000
0.001000
0.025799
0.030192
0.033010
0.029766
0.027851
0.027820
0.020500
0.029813
0.027921
0.029592
0.019573
0.028210
0.029671
0.018105
0.030941
0.031676
0.001000
0.001000
0.029135
0.001000
0.001000
0.001000
0.020181
0.001000
0.001000
0.001000
0.001000
0.026627
0.026620
0.001000
0.029908
0.001000
0.001000
0.030926
0.001000
0.001000
0.001000
0.001000
0.001000
0.001000
0.001000
0.001000
0.001000
0.001000
0.001000
0.027896
0.001000
0.027493
0.031526
0.029910
0.019271
0.029636
0.032069
0.027935
0.028348
0.001000
0.001000
0.001000
0.030576
0.001000
0.001000
0.028067
0.001000
0.025055
0.029185
0.028726
0.028344
0.025178
0.028015
0.029236
0.026984
0.030973
0.027178
0.028478
0.001000
0.017886
0.030444
0.019209
0.026794
0.017298
0.019290
0.027787
0.026051
0.031307
0.001000
0.028075
0.024915
0.018248
0.001000
0.001000
0.001000
0.001000
0.001000
0.001000
0.001000
0.001000
0.001000
0.001000
0.001000
0.001000
0.001000
0.027608
0.020221
0.001000
0.001000
0.001000
0.018653
0.001000
0.001000
0.001000
0.001000
0.001000
0.001000
0.001000
0.001000
0.001000
0.001000
0.001000
0.001000
0.001000
0.027198
0.027544
0.001000
0.001000
0.001000
0.001000
0.001000
0.001000
0.001000
0.001000
0.027235
0.025850
0.001000
0.027846
0.019266
0.032307
0.018106
0.030417
0.027057
0.028141
0.019532
0.032015
0.018306
0.027664
0.030851
0.001000
0.001000
0.001000
0.001000
0.027812
0.031849
0.001000
0.001000
0.001000
0.026618
0.001000
0.028395
0.030755
0.032201
0.017801
0.028543
0.027178
0.028995
0.029124
0.028866
0.001000
0.001000
0.001000
0.001000
0.028671
0.028581
0.001000
0.001000
0.030295
0.001000
0.020991
0.001000
0.001000
0.027779
0.029399
0.001000
0.001000
0.028139
0.001000
0.018650
0.019979
0.028501
0.029097
0.028412
0.017163
0.026403
0.001000
0.020566
0.017504
0.027202
0.025013
0.031661
0.017094
0.024767
0.019622
0.026042
0.001000
0.001000
0.001000
0.027411
0.001000
0.017491
0.001000
0.001000
0.001000
0.016882
0.019467
0.032400
0.018994
0.019366
0.029089
0.001000
0.025035
0.019344
0.031127
0.030025
0.027361
0.029169
0.029221
0.029084
0.030278
0.031569
0.031758
0.001000
0.026894
0.031730
0.018877
0.030433
0.020890
0.032484
0.001000
0.030041
0.029873
0.030586
0.001000
0.001000
0.001000
0.001000
0.017271
0.025964
0.001000
0.001000
0.001000
0.030098
0.001000
0.001000
0.026396
0.001000
0.001000
0.001000
0.028075
0.001000
0.027181
0.001000
0.032522
0.001000
0.001000
0.001000
0.027231
0.017050
0.001000
0.029615
0.020549
0.030216
0.026714
0.001000
0.001000
0.027418
0.001000
0.001000
0.001000
0.001000
0.001000
0.030270
0.001000
0.031184
0.029517
0.001000
0.001000
0.001000
0.026689
0.001000
0.001000
0.026083
0.001000
0.030677
0.001000
0.027671
0.001000
0.027344
0.017535
0.029610
0.025256
0.001000
0.032185
0.001000
0.001000
0.001000
0.001000
0.029352
0.032242
0.016707
0.001000
0.017079
0.001000
0.001000
0.001000
0.001000
0.028519
0.020304
0.001000
0.001000
0.001000
0.018556
0.001000
0.019920
0.030763
0.032129
0.030438
0.001000
0.028085
0.001000
0.001000
0.016843
0.001000
0.019840
0.001000
0.026307
0.030844
0.026720
0.028263
0.019810
0.028451
0.026505
0.018131
0.029684
0.027737
0.027770
0.001000
0.001000
0.001000
0.001000
0.001000
0.026886
0.017251
0.015770
0.018150
0.027374
0.029079
0.001000
0.001000
0.001000
0.001000
