0.667865
0.667121
0.338855
0.665426
0.664575
0.666144
0.663495
0.337495
0.335007
0.668266
0.665690
0.667947
0.668032
0.665281
0.001000
0.338739
0.001000
0.337060
0.335947
0.001000
0.668838
0.667839
0.667004
0.662538
0.664882
0.338501
0.001000
0.001000
0.338551
0.001000
0.001000
0.001000
0.001000
0.001000
0.001000
0.001000
0.663651
0.334533
0.664065
0.661831
0.336435
0.337601
0.337462
0.001000
0.336520
0.667526
0.001000
0.663441
0.338148
0.666634
0.664782
0.664067
0.337688
0.001000
0.337639
0.336489
0.001000
0.667075
0.338792
0.336223
0.665393
0.001000
0.001000
0.337870
0.662840
0.001000
0.336403
0.666636
0.664850
0.337482
0.664185
0.667065
0.339042
0.336965
0.338277
0.666152
0.666408
0.664836
0.336944
0.001000
0.667398
0.337607
0.001000
0.665062
0.668238
0.001000
0.335105
0.338387
0.666896
0.336587
0.001000
0.001000
0.666830
0.665991
0.001000
0.001000
0.001000
0.337570
0.665055
0.668478
0.663942
0.664069
0.337259
0.337411
0.001000
0.001000
0.001000
0.666032
0.667188
0.664972
0.338886
0.001000
0.001000
0.663499
0.339691
0.001000
0.001000
0.001000
0.664388
0.338045
0.001000
0.001000
0.001000
0.335076
0.001000
0.663072
0.001000
0.337018
0.335666
0.335887
0.001000
0.001000
0.001000
0.665056
0.001000
0.001000
0.337796
0.338994
0.669311
0.664585
0.664977
0.667606
0.667807
0.663691
0.337310
0.337421
0.661468
0.663920
0.666483
0.665896
0.001000
0.001000
0.335549
0.665897
0.336632
0.665599
0.338693
0.001000
0.667153
0.335972
0.001000
0.001000
0.335606
0.666894
0.662933
0.663704
0.001000
0.336714
0.001000
0.336668
0.001000
0.001000
0.335745
0.664201
0.336370
0.001000
0.001000
0.336006
0.665381
0.664612
0.668243
0.335709
0.339087
0.666712
0.664095
0.663108
0.001000
0.337043
0.338459
0.665142
0.001000
0.001000
0.662830
0.336786
0.337494
0.668138
0.668444
0.668168
0.337551
0.665445
0.667414
0.666407
0.001000
0.001000
0.666877
0.337965
0.663864
0.666060
0.664864
0.665305
0.666480
0.663254
0.662129
0.665073
0.338768
0.001000
0.001000
0.336358
0.661497
0.001000
0.663832
0.337074
0.336049
0.335704
0.666737
0.001000
0.662011
0.664340
0.666081
0.666607
0.667066
0.001000
0.001000
0.667600
0.001000
0.668600
0.337946
0.337499
0.669441
0.001000
0.661059
0.001000
0.664534
0.665405
0.338007
0.001000
0.664210
0.664377
0.001000
0.338313
0.338922
0.338265
0.666927
0.667422
0.336256
0.667210
0.001000
0.001000
0.337007
0.336187
0.665484
0.662235
0.001000
0.668989
0.663980
0.337064
0.664124
0.665225
0.667831
0.661752
0.665999
0.667832
0.001000
0.001000
0.335354
0.337466
0.662197
0.666598
0.663518
0.338074
0.337751
0.001000
0.663741
0.335840
0.663737
0.664673
0.668428
0.001000
0.664855
0.001000
0.663355
0.668396
0.335106
0.664552
0.337127
0.662273
0.666776
0.335233
0.001000
0.001000
0.001000
0.663404
0.001000
0.666284
0.339085
0.336135
0.336434
0.338058
0.668335
0.336516
0.336413
0.336420
0.666388
0.666231
0.663756
0.336709
0.001000
0.664850
0.334422
0.338844
0.663430
0.001000
0.001000
0.666304
0.664025
0.335832
0.664622
0.337225
0.001000
0.666895
0.665330
0.663917
0.663887
0.663786
0.664014
0.667145
0.668748
0.667081
0.666041
0.001000
0.001000
0.338304
0.337200
0.336375
0.664682
0.336335
0.662761
0.337211
0.662900
0.337405
0.334595
0.665655
0.337256
0.664000
0.336585
0.665962
0.338245
0.662176
0.667078
0.335752
0.663436
0.001000
0.001000
0.001000
0.001000
0.665248
0.668613
0.334836
0.339813
0.336134
0.665240
0.669353
0.666733
0.667161
0.667886
0.665894
0.663962
0.667015
0.001000
0.001000
0.001000
0.335031
0.001000
0.337856
0.001000
0.663579
0.662402
0.667444
0.666368
0.663487
0.336703
0.001000
0.662900
0.001000
0.666817
0.668582
0.663899
0.001000
0.339079
0.338049
0.666194
0.337851
0.668260
0.335688
0.662722
0.001000
0.001000
0.001000
0.337761
0.666407
0.666312
0.667476
0.001000
0.337155
0.001000
0.663106
0.665614
0.337817
0.666052
0.001000
0.335464
0.337393
0.337127
0.001000
0.666156
0.666730
0.337340
0.339512
0.664743
0.662766
0.335542
0.336373
0.664719
0.663759
0.001000
0.337575
0.665390
0.001000
0.667044
0.001000
0.335564
0.665496
0.668322
0.339537
0.336429
0.669614
0.336531
0.663282
0.665512
0.001000
0.662450
0.667123
0.001000
0.668198
0.336886
0.337127
0.335395
0.666419
0.338454
0.336517
0.667308
0.669001
0.668044
0.001000
0.664937
0.668057
0.001000
0.335804
0.336810
0.334667
0.001000
0.665643
0.663677
0.001000
0.001000
0.669071
0.669767
0.001000
0.669044
0.336446
0.663486
0.668057
0.663699
0.001000
0.666054
0.664140
0.666438
0.001000
0.001000
0.001000
0.339101
0.669521
0.666197
0.665343
0.001000
0.663363
0.336281
0.664360
0.664708
0.667333
0.334749
0.001000
0.001000
0.668839
0.661641
0.336543
0.667063
0.337878
0.665976
0.337665
0.001000
0.001000
0.001000
0.001000
0.001000
0.001000
0.338051
0.337342
0.001000
0.001000
0.663698
0.665667
0.001000
0.337036
0.338097
0.334364
0.337094
0.336916
0.337249
0.335857
0.001000
0.001000
0.669244
0.337077
0.663652
0.663250
0.001000
0.001000
0.001000
0.662449
0.667863
0.666216
0.665618
0.666256
0.001000
0.664735
0.663493
0.662339
0.663612
0.662467
0.665312
0.666878
0.001000
0.336377
0.662569
0.335075
0.664751
0.338182
0.664271
0.664280
0.666465
0.001000
0.668036
0.001000
0.668495
0.001000
0.001000
0.665559
0.336702
0.668932
0.663201
0.338025
0.001000
0.001000
0.336886
0.001000
0.338836
0.669173
0.336133
0.663214
0.337643
0.001000
0.336677
0.001000
0.668406
0.335271
0.667980
0.337555
0.666010
0.001000
0.001000
0.669750
0.669198
0.666660
0.001000
0.001000
0.668744
0.663151
0.666720
0.665217
0.334940
0.001000
0.001000
0.665517
0.336828
0.336803
0.339268
0.662550
0.001000
0.001000
0.001000
0.664067
0.001000
0.334659
0.001000
0.662095
0.001000
0.336706
0.662144
0.666954
0.661161
0.667444
0.335026
0.001000
0.663208
0.665617
0.001000
0.668107
0.339032
0.664246
0.336985
0.666042
0.665341
0.335522
0.661720
0.336566
0.001000
0.336757
0.667247
0.337660
0.666913
0.665981
0.336304
0.668959
0.664507
0.001000
0.336563
0.001000
0.663849
0.338843
0.001000
0.665343
0.001000
0.665303
0.663240
0.667198
0.001000
0.664512
0.001000
0.001000
0.663764
0.668022
0.001000
0.001000
0.666235
0.667564
0.001000
0.001000
0.668155
0.662689
0.339373
0.336662
0.662283
0.663863
0.335466
0.001000
0.667363
0.337589
0.001000
0.337644
0.337357
0.001000
0.664249
0.665862
0.667236
0.666047
0.001000
0.001000
0.665126
0.338321
0.663863
0.663627
0.667116
0.664058
0.001000
0.666583
0.663720
0.001000
0.337180
0.667803
0.001000
0.001000
0.335382
0.337099
0.001000
0.337912
0.665677
0.668162
0.337880
0.001000
0.335195
0.662875
0.337150
0.001000
0.001000
0.662809
0.337421
0.337106
0.001000
0.001000
0.665372
0.338550
0.662324
0.335869
0.665496
0.337950
0.667149
0.001000
0.667239
0.001000
0.001000
0.001000
0.001000
0.664134
0.663640
0.336813
0.665580
0.661131
0.337145
0.664305
0.665318
0.001000
0.666715
0.669676
0.337454
0.339439
0.001000
0.001000
0.337777
0.665185
0.001000
0.669197
0.001000
0.664332
0.665371
0.668390
0.001000
0.338992
0.664472
0.336890
0.663165
0.665216
0.001000
0.001000
0.001000
0.336029
0.667336
0.661922
0.334651
0.336168
0.663750
0.335186
0.001000
0.001000
0.665484
0.664340
0.661876
0.663312
0.001000
0.663404
0.001000
0.001000
0.663370
0.001000
0.001000
0.001000
0.001000
0.001000
0.662871
0.001000
0.662948
0.001000
0.667064
0.001000
0.001000
0.666183
0.001000
0.001000
0.001000
0.337009
0.336043
0.664456
0.667654
0.001000
0.661807
0.001000
0.001000
0.664919
0.338656
0.661997
0.337592
0.337202
0.001000
0.664988
0.001000
0.666919
0.001000
0.338798
0.001000
0.666874
0.001000
0.337981
0.663070
0.668732
0.001000
0.665574
0.001000
0.665869
0.001000
0.338659
0.001000
0.668362
0.669527
0.666102
0.668789
0.001000
0.001000
0.662935
0.662913
0.664568
0.667085
0.334559
0.001000
0.668043
0.336997
0.336846
0.337682
0.338210
0.001000
0.339253
0.666253
0.667912
0.665984
0.001000
0.001000
0.338090
0.663805
0.338086
0.662752
0.662799
0.001000
0.666038
0.664682
0.667240
0.001000
0.001000
0.001000
0.001000
0.001000
0.668727
0.666508
0.662975
0.337927
0.667747
0.336844
0.665165
0.664799
0.666396
0.338202
0.336898
0.666063
0.001000
0.336835
0.667573
0.668040
0.336570
0.667208
0.335362
0.667244
0.001000
0.001000
0.001000
0.001000
0.666902
0.665917
0.668765
0.001000
0.666704
0.001000
0.001000
0.666877
0.001000
0.665867
0.001000
0.669221
0.001000
0.001000
0.338397
0.001000
0.336242
0.339660
0.001000
0.665601
0.001000
0.001000
0.665145
0.662602
0.336222
0.001000
0.001000
0.668725
0.334685
0.662239
0.662161
0.664568
0.664367
0.336980
0.663607
0.336358
0.001000
0.001000
0.666536
0.336511
0.335341
0.665631
0.337132
0.667376
0.001000
0.666309
0.001000
0.001000
0.663144
0.661951
0.665125
0.001000
0.664826
0.001000
0.335793
0.339003
0.001000
0.666151
0.666186
0.664748
0.667893
0.001000
0.336506
0.661374
0.664691
0.337574
0.001000
0.665645
0.665804
0.666328
0.662483
0.335229
0.665754
0.666526
0.001000
0.001000
0.001000
0.663241
0.001000
0.001000
0.337193
0.666026
0.667365
0.664735
0.665302
0.665928
0.335669
0.664155
0.665221
0.663361
0.666033
0.336303
0.336232
0.665504
0.001000
0.001000
0.001000
0.001000
0.663946
0.663920
0.664242
0.666676
0.667413
0.001000
0.665128
0.663571
0.666018
0.336119
0.662315
0.336278
0.667826
0.662764
0.336604
0.337101
0.663784
0.668404
0.662899
0.665286
0.337693
0.338336
0.669031
0.001000
0.666797
0.001000
0.664719
0.662908
0.001000
0.663952
0.338684
0.001000
0.336218
0.665994
0.664758
0.001000
0.665469
0.663239
0.668439
0.001000
0.666064
0.665983
0.663008
0.336040
0.001000
0.335795
0.663675
0.336231
0.001000
0.667254
0.665267
0.001000
0.668794
0.001000
0.338518
0.001000
0.667195
0.337519
0.666070
0.001000
0.664732
0.001000
0.336592
0.662604
0.666454
0.664546
0.001000
0.001000
0.337845
0.001000
0.001000
0.663682
0.666970
0.335545
0.001000
0.665222
0.666282
0.001000
0.667089
0.665611
0.663635
0.335751
0.666884
0.336667
0.662070
0.667360
0.667246
0.663152
0.001000
0.001000
0.334677
0.661977
0.339794
0.664938
0.337332
0.338516
0.661363
0.663253
0.664832
0.663871
0.665082
0.663543
0.335559
0.001000
0.666332
0.666733
0.335633
0.336655
0.001000
0.337383
0.661930
0.663172
0.666908
0.669841
0.001000
0.001000
0.666817
0.337665
0.335799
0.336514
0.001000
0.665109
0.337307
0.335788
0.665667
0.666432
0.337222
0.667569
0.001000
0.664045
0.665867
0.339191
0.666736
0.001000
0.001000
0.001000
0.001000
0.667042
0.665294
0.336630
0.666167
0.665936
0.666494
0.001000
0.337993
0.662583
0.337314
0.001000
0.336045
0.337456
0.666399
0.663893
0.336697
0.336758
0.667776
0.664036
0.662423
0.665349
0.663020
0.666172
0.664296
0.001000
0.001000
0.662792
0.336266
0.666748
0.001000
0.337945
0.001000
0.336598
0.667002
0.665328
0.335277
0.335564
0.661834
0.339153
0.667335
0.668325
0.001000
0.336807
0.667021
0.668184
0.337568
0.338203
0.335199
0.001000
0.001000
0.666675
0.337034
0.664176
0.001000
0.001000
0.001000
0.666118
0.337268
0.335999
0.001000
0.001000
0.339120
0.334025
0.001000
0.666555
0.337236
0.001000
0.001000
0.338090
0.667420
0.001000
0.001000
0.001000
0.337045
0.663966
0.001000
0.665314
0.664344
0.666562
0.001000
0.001000
0.338957
0.338092
0.666959
0.001000
0.334795
0.336955
0.338876
0.338024
0.668339
0.337883
0.337423
0.668561
0.668455
0.337923
0.001000
0.001000
0.666271
0.337394
0.336591
0.336074
0.661699
0.001000
0.667042
0.665874
0.662790
0.337470
0.665638
0.001000
0.666542
0.667217
0.667394
0.662566
0.663261
0.666645
0.663512
0.664605
0.663777
0.336309
0.665850
0.663675
0.664620
0.665504
0.662540
0.669459
0.001000
0.662732
0.001000
0.335587
0.337343
0.661597
0.338924
0.001000
0.338453
0.662972
0.337204
0.338253
0.663450
0.665476
0.666027
0.664041
0.668119
0.662467
0.338094
0.337498
0.667746
0.662498
0.335259
0.001000
0.001000
0.338684
0.662380
0.001000
0.668701
0.334802
0.335863
0.339572
0.663286
0.662128
0.666683
0.337192
0.664508
0.663121
0.665246
0.663222
0.001000
0.336950
0.665423
0.665872
0.664320
0.001000
0.664097
0.001000
0.337515
0.337210
0.665243
0.668071
0.669346
0.665097
0.665064
0.336563
0.001000
0.001000
0.336751
0.667165
0.663132
0.667513
0.001000
0.001000
0.001000
0.339727
0.667799
0.337214
0.669162
0.337245
0.663459
0.662715
0.338747
0.663811
0.669280
0.666012
0.665926
0.335522
0.001000
0.001000
0.001000
0.336991
0.334947
0.665854
0.335839
0.663942
0.665586
0.336063
0.664018
0.665640
0.662968
0.001000
0.335328
0.665272
0.001000
0.666663
0.338415
0.661974
0.662741
0.667510
0.338717
0.001000
0.001000
0.336758
0.667902
0.001000
0.664426
0.666696
0.001000
0.001000
0.001000
0.001000
0.334596
0.667971
0.001000
0.663347
0.663385
0.335402
0.335373
0.668040
0.336852
0.665168
0.001000
0.001000
0.001000
0.337382
0.663001
0.665951
0.335294
0.338670
0.001000
0.001000
0.662590
0.338499
0.336656
0.336770
0.662337
0.665837
0.001000
0.666063
0.665268
0.001000
0.337464
0.666351
0.336770
0.335865
0.665178
0.664797
0.668667
0.666130
0.667756
0.336789
0.336215
0.337572
0.001000
0.001000
0.339858
0.336732
0.668183
0.668013
0.663458
0.666419
0.336274
0.664982
0.665433
0.667015
0.337754
0.662751
0.666105
0.666580
0.668874
0.001000
0.666390
0.665340
0.667132
0.661827
0.662528
0.666767
0.666218
0.336050
0.666223
0.001000
0.001000
0.336404
0.662994
0.001000
0.663649
0.663044
0.334894
0.666265
0.001000
0.001000
0.662727
0.664214
0.664819
0.663329
0.664200
0.334725
0.667422
0.665985
0.001000
0.337522
0.336995
0.001000
0.001000
0.001000
0.001000
0.339216
0.001000
0.664817
0.001000
0.667400
0.662826
0.661809
0.337351
0.336756
0.663924
0.336630
0.665279
0.001000
0.667624
0.338068
0.667345
0.335711
0.335088
0.667118
0.335267
0.336092
0.338921
0.336256
0.661630
0.666059
0.664327
0.001000
0.666779
0.664269
0.662232
0.665202
0.665374
0.665049
0.664950
0.667230
0.337500
0.339137
0.665176
0.666879
0.336377
0.336352
0.668005
0.666406
0.339336
