0.017100
0.015951
0.017864
0.026352
0.018972
0.027958
0.017267
0.026700
0.029919
0.031996
0.029826
0.026311
0.019277
0.029057
0.017740
0.028007
0.017764
0.028951
0.030763
0.001000
0.026012
0.001000
0.001000
0.019876
0.025573
0.030119
0.019295
0.018596
0.027146
0.028516
0.027065
0.026454
0.029448
0.029429
0.018732
0.031587
0.031106
0.031704
0.001000
0.001000
0.001000
0.018704
0.001000
0.001000
0.028776
0.001000
0.001000
0.001000
0.001000
0.001000
0.001000
0.029874
0.001000
0.001000
0.001000
0.001000
0.031285
0.018472
0.017088
0.021247
0.031629
0.018589
0.016759
0.016711
0.018234
0.027061
0.029426
0.018625
0.030242
0.031981
0.016842
0.015832
0.017956
0.027323
0.028879
0.030812
0.027156
0.018711
0.001000
0.001000
0.001000
0.001000
0.028027
0.001000
0.031122
0.001000
0.001000
0.001000
0.001000
0.018166
0.001000
0.016697
0.030912
0.001000
0.001000
0.027389
0.001000
0.001000
0.030579
0.020614
0.018139
0.030965
0.019873
0.030379
0.016567
0.016873
0.026306
0.018198
0.017836
0.027363
0.001000
0.001000
0.001000
0.033029
0.001000
0.028651
0.026821
0.017867
0.028354
0.020711
0.019698
0.016857
0.019663
0.018346
0.021152
0.026086
0.030092
0.030817
0.029947
0.030016
0.028714
0.029705
0.027344
0.031822
0.029440
0.018305
0.001000
0.027515
0.001000
0.027709
0.016578
0.027152
0.001000
0.001000
0.001000
0.001000
0.028433
0.016079
0.029422
0.001000
0.017773
0.025895
0.018459
0.026231
0.029518
0.028303
0.028232
0.001000
0.001000
0.018991
0.016557
0.018256
0.019891
0.001000
0.027087
0.018380
0.020403
0.028343
0.001000
0.001000
0.001000
0.001000
0.018012
0.018399
0.001000
0.030688
0.027110
0.033004
0.026548
0.024798
0.001000
0.027681
0.001000
0.001000
0.001000
0.028866
0.001000
0.001000
0.001000
0.030924
0.001000
0.025127
0.001000
0.001000
0.001000
0.001000
0.028352
0.025032
0.020477
0.030725
0.018215
0.019179
0.017994
0.001000
0.019393
0.001000
0.019804
0.028704
0.001000
0.001000
0.029374
0.001000
0.001000
0.001000
0.001000
0.001000
0.001000
0.001000
0.028718
0.031496
0.027282
0.027317
0.019537
0.029138
0.027556
0.018574
0.027064
0.027529
0.030557
0.001000
0.001000
0.001000
0.001000
0.028707
0.032749
0.030277
0.001000
0.027675
0.001000
0.031085
0.001000
0.001000
0.026949
0.001000
0.001000
0.001000
0.019121
0.018320
0.001000
0.001000
0.001000
0.001000
0.001000
0.001000
0.020721
0.027022
0.027648
0.001000
0.031262
0.001000
0.001000
0.001000
0.001000
0.016847
0.019235
0.028437
0.019811
0.018173
0.018383
0.019781
0.001000
0.031606
0.001000
0.029876
0.001000
0.026776
0.029544
0.001000
0.001000
0.029711
0.001000
0.001000
0.001000
0.030342
0.019115
0.028779
0.020291
0.017714
0.001000
0.032063
0.001000
0.029557
0.001000
0.001000
0.001000
0.028350
0.001000
0.028339
0.001000
0.030273
0.031784
0.017961
0.019230
0.029892
0.019461
0.020363
0.017625
0.027786
0.017975
0.030392
0.029413
0.001000
0.001000
0.001000
0.028210
0.030478
0.001000
0.001000
0.001000
0.001000
0.030065
0.027862
0.030525
0.028766
0.027777
0.027536
0.029630
0.020666
0.029308
0.018036
0.031574
0.001000
0.017979
0.030990
0.031585
0.001000
0.001000
0.020228
0.001000
0.001000
0.017496
0.001000
0.029702
0.001000
0.001000
0.029713
0.001000
0.001000
0.026643
0.001000
0.001000
0.031498
0.001000
0.001000
0.001000
0.001000
0.025981
0.018664
0.031631
0.026771
0.026101
0.029346
0.030138
0.031191
0.018394
0.029714
0.027891
0.001000
0.001000
0.001000
0.001000
0.001000
0.001000
0.001000
0.001000
0.001000
0.001000
0.001000
0.001000
0.001000
0.001000
0.001000
0.001000
0.001000
0.001000
0.001000
0.028733
0.001000
0.027827
0.026583
0.018417
0.019369
0.017274
0.031333
0.019223
0.027172
0.001000
0.018702
0.018388
0.001000
0.029436
0.029572
0.027700
0.029392
0.018221
0.001000
0.028262
0.029410
0.027964
0.031554
0.001000
0.024390
0.001000
0.001000
0.019618
0.001000
0.020456
0.001000
0.029297
0.016141
0.001000
0.001000
0.001000
0.001000
0.028183
0.029206
0.001000
0.001000
0.001000
0.001000
0.001000
0.001000
0.001000
0.030459
0.018420
0.001000
0.001000
0.020078
0.001000
0.001000
0.001000
0.028141
0.027516
0.001000
0.025955
0.001000
0.001000
0.030921
0.001000
0.001000
0.001000
0.001000
0.017225
0.001000
0.017559
0.030812
0.019050
0.001000
0.016960
0.027087
0.027533
0.030614
0.028138
0.027909
0.031489
0.029553
0.025362
0.001000
0.029628
0.001000
0.001000
0.001000
0.001000
0.001000
0.030391
0.031962
0.001000
0.026102
0.001000
0.001000
0.001000
0.001000
0.029207
0.001000
0.001000
0.001000
0.001000
0.001000
0.001000
0.001000
0.020146
0.019883
0.019515
0.028231
0.018437
0.028643
0.001000
0.027579
0.016446
0.018522
0.001000
0.018532
0.019206
0.021493
0.019333
0.030225
0.017237
0.016822
0.020509
0.001000
0.028186
0.001000
0.032455
0.029932
0.027872
0.027610
0.001000
0.001000
0.001000
0.001000
0.001000
0.001000
0.018424
0.001000
0.001000
0.001000
0.001000
0.025358
0.001000
0.001000
0.001000
0.020630
0.001000
0.030518
0.001000
0.001000
0.001000
0.001000
0.001000
0.028127
0.001000
0.001000
0.001000
0.001000
0.031912
0.030360
0.001000
0.001000
0.001000
0.001000
0.018821
0.001000
0.019493
0.016669
0.031500
0.001000
0.001000
0.001000
0.001000
0.001000
0.001000
0.026691
0.017744
0.031237
0.021389
0.029716
0.018821
0.029364
0.025918
0.025394
0.031968
0.029934
0.020397
0.030438
0.001000
0.018474
0.001000
0.001000
0.001000
0.027568
0.001000
0.001000
0.001000
0.026388
0.026593
0.001000
0.018459
0.028519
0.001000
0.001000
0.001000
0.001000
0.001000
0.001000
0.031200
0.001000
0.001000
0.001000
0.001000
0.028708
0.001000
0.001000
0.001000
0.001000
0.029270
0.001000
0.001000
0.001000
0.001000
0.001000
0.001000
0.001000
0.030835
0.031799
0.028167
0.001000
0.001000
0.018106
0.031753
0.001000
0.001000
0.027681
0.021474
0.001000
0.019986
0.001000
0.020938
0.016064
0.001000
0.020354
0.001000
0.018564
0.001000
0.001000
0.001000
0.001000
0.001000
0.020471
0.001000
0.001000
0.001000
0.001000
0.001000
0.028983
0.025553
0.001000
0.001000
0.001000
0.031704
0.001000
0.019952
0.001000
0.029591
0.001000
0.029720
0.001000
0.001000
0.001000
0.001000
0.001000
0.001000
0.001000
0.001000
0.001000
0.001000
0.001000
0.001000
0.001000
0.001000
0.001000
0.001000
0.001000
0.001000
0.001000
0.001000
0.001000
0.001000
0.030987
0.001000
0.019916
0.001000
0.017391
0.018064
0.030523
0.028083
0.020632
0.018745
0.017833
0.018497
0.028716
0.018707
0.001000
0.001000
0.027040
0.001000
0.001000
0.018355
0.028089
0.016907
0.019176
0.019025
0.028657
0.029526
0.027427
0.025219
0.025670
0.028700
0.028462
0.027842
0.027626
0.020138
0.017098
0.001000
0.032406
0.001000
0.027793
0.030405
0.020095
0.001000
0.001000
0.001000
0.028999
0.029970
0.001000
0.001000
0.018075
0.027196
0.020420
0.018842
0.017946
0.017370
0.026936
0.031521
0.018546
0.026049
0.020351
0.030497
0.026095
0.001000
0.031755
0.028433
0.020018
0.017478
0.030227
0.027731
0.030707
0.031881
0.024831
0.032909
0.027960
0.001000
0.026404
0.001000
0.027026
0.019088
0.001000
0.029087
0.017913
0.001000
0.001000
0.020389
0.001000
0.018559
0.001000
0.001000
0.001000
0.001000
0.001000
0.001000
0.001000
0.001000
0.001000
0.001000
0.001000
0.025715
0.017938
0.001000
0.001000
0.001000
0.029476
0.001000
0.001000
0.029469
0.028521
0.001000
0.028905
0.001000
0.001000
0.001000
0.001000
0.001000
0.001000
0.030951
0.027535
0.028757
0.019487
0.001000
0.027695
0.026307
0.017366
0.020210
0.030223
0.019571
0.018208
0.030298
0.028028
0.027514
0.027274
0.031660
0.001000
0.001000
0.001000
0.030092
0.018364
0.027049
0.001000
0.001000
0.031936
0.029409
0.027299
0.019274
0.028019
0.029997
0.028248
0.018614
0.028434
0.029750
0.032180
0.018372
0.017312
0.018495
0.019127
0.020885
0.019853
0.030064
0.020067
0.028315
0.031786
0.028974
0.029507
0.019911
0.026799
0.030876
0.001000
0.001000
0.028368
0.001000
0.001000
0.001000
0.001000
0.029874
0.025339
0.001000
0.018520
0.029091
0.001000
0.001000
0.001000
0.026662
0.001000
0.001000
0.001000
0.001000
0.001000
0.018546
0.001000
0.030386
0.029626
0.031300
0.001000
0.001000
0.018290
0.020275
0.001000
0.001000
0.001000
0.001000
0.031694
0.029953
0.026529
0.017218
0.030344
0.029309
0.020100
0.001000
0.018422
0.019781
0.018813
0.025736
0.018847
0.030133
0.030523
0.001000
0.031789
0.001000
0.026437
0.027909
0.001000
0.001000
0.001000
0.001000
0.001000
0.001000
0.001000
0.017278
0.018080
0.027012
0.028344
0.027858
0.016700
0.028245
0.001000
0.001000
0.029824
0.001000
0.001000
0.001000
0.001000
0.001000
0.030246
0.001000
0.001000
0.001000
0.001000
0.001000
0.001000
0.001000
0.028038
0.031611
0.028575
0.029931
0.028162
0.019655
0.016418
0.030532
0.025999
0.026824
0.001000
0.028496
0.018602
0.001000
0.001000
0.001000
0.029121
0.001000
0.001000
0.028271
0.001000
0.001000
0.001000
0.001000
0.001000
0.001000
0.001000
0.001000
0.001000
0.001000
0.001000
0.019166
0.018944
0.017127
0.018749
0.019088
0.018694
0.019837
0.019883
0.001000
0.020039
0.017145
0.001000
0.028589
0.018177
0.017773
0.029905
0.017702
0.028746
0.030890
0.032903
0.028736
0.030476
0.019381
0.025143
0.017665
0.025625
0.029459
0.029547
0.001000
0.028801
0.001000
0.026111
0.001000
0.017494
0.017590
0.020600
0.027888
0.031295
0.019691
0.030176
0.018480
0.001000
0.001000
0.001000
0.026246
0.031625
0.030226
0.018396
0.001000
0.030310
0.019701
0.020050
0.001000
0.001000
0.001000
0.001000
0.001000
0.001000
0.001000
0.001000
0.019314
0.017923
0.001000
0.017015
0.001000
0.029554
0.001000
0.029676
0.029235
0.001000
0.026065
0.030123
0.028648
0.029292
0.001000
0.001000
0.001000
0.001000
0.001000
0.001000
0.020371
0.026658
0.030543
0.001000
0.001000
0.001000
0.001000
0.001000
0.019284
0.016531
0.018304
0.001000
0.001000
0.031406
0.025335
0.001000
0.001000
0.001000
0.001000
0.001000
0.001000
0.001000
0.001000
0.001000
0.024693
0.001000
0.001000
0.001000
0.001000
0.001000
0.017555
0.016829
0.016001
0.017933
0.026302
0.029117
0.028490
0.028426
0.019414
0.030763
0.020736
0.033060
0.018442
0.028595
0.030762
0.019327
0.031160
0.030987
0.001000
0.001000
0.018023
0.016471
0.001000
0.001000
0.001000
0.001000
0.001000
0.001000
0.001000
0.001000
0.001000
0.001000
0.020005
0.017313
0.018372
0.020376
0.016657
0.001000
0.015716
0.018599
0.030482
0.032097
0.025688
0.017911
0.016241
0.024263
0.018599
0.018890
0.030906
0.030151
0.026440
0.032647
0.001000
0.001000
0.028593
0.001000
0.001000
0.001000
0.030494
0.001000
0.001000
0.001000
0.017121
0.001000
0.001000
0.031463
0.001000
0.028099
0.030822
0.018032
0.018270
0.017826
0.019769
0.020926
0.019895
0.019204
0.017300
0.017356
0.018524
0.017763
0.001000
0.025461
0.020236
0.001000
0.029290
0.025373
0.001000
0.028462
0.018124
0.019981
0.029937
0.001000
0.001000
0.030000
0.001000
0.019343
0.001000
0.001000
0.001000
0.017585
0.019273
0.017580
0.018418
0.018390
0.001000
0.017264
0.018443
0.015890
0.028371
0.025807
0.030751
0.026437
0.030522
0.030855
0.029647
0.030815
0.026295
0.019615
0.026606
0.001000
0.001000
0.019436
0.001000
0.001000
0.001000
0.026512
0.019565
0.030446
0.001000
0.001000
0.001000
0.028278
0.001000
0.001000
0.001000
0.029608
0.019293
0.001000
0.001000
0.001000
0.001000
0.030281
0.001000
0.029509
0.026785
0.032571
0.017431
0.028664
0.029291
0.030849
0.030127
0.001000
0.001000
0.001000
0.001000
0.001000
0.001000
0.001000
0.001000
0.018538
0.031062
0.020048
0.027438
0.018669
0.001000
0.001000
0.026134
0.026193
0.029222
0.019211
0.027848
0.018540
0.001000
0.030161
0.032229
0.001000
0.001000
0.001000
0.029706
0.001000
0.001000
0.001000
0.026553
0.001000
0.001000
0.001000
0.001000
0.001000
0.001000
0.001000
0.001000
0.001000
0.001000
0.001000
0.001000
0.001000
0.001000
0.027222
0.001000
0.001000
0.018725
0.001000
0.029895
0.027669
0.029008
0.031872
0.001000
0.001000
0.001000
0.001000
0.020344
0.030691
0.001000
0.001000
0.028439
0.019945
0.001000
0.001000
0.001000
0.001000
0.001000
0.001000
0.001000
0.001000
0.017904
0.001000
0.001000
0.031078
0.026196
0.026185
0.017726
0.001000
0.001000
0.001000
0.030216
0.001000
0.001000
0.001000
0.001000
0.001000
0.001000
0.018121
0.001000
0.019006
0.028432
0.025991
0.020947
0.020757
0.018458
0.019102
0.017225
0.016909
0.018982
0.025363
0.027459
0.019215
0.018539
0.026044
0.027925
0.001000
0.020799
0.001000
0.020435
0.026326
0.001000
0.028432
0.027110
0.001000
0.001000
0.001000
0.027644
0.001000
0.001000
0.001000
0.001000
0.001000
0.001000
0.001000
0.001000
0.017253
0.001000
0.024515
0.028833
0.026610
0.028469
0.028834
0.029111
0.029763
0.027278
0.001000
0.026321
0.001000
0.001000
0.026987
0.001000
0.016287
0.019237
0.001000
0.001000
0.001000
0.001000
0.001000
0.001000
0.001000
0.020540
0.019105
0.001000
0.017325
0.019215
0.019240
0.021050
0.018504
0.026875
0.029602
0.016909
0.019729
0.025449
0.001000
0.001000
0.027940
0.001000
0.025506
0.001000
0.029921
0.001000
0.018188
0.030866
0.001000
0.001000
0.026360
0.001000
0.001000
0.028394
0.001000
0.017492
0.001000
0.001000
0.001000
0.001000
0.015816
0.020131
0.017479
0.030150
0.019327
0.018048
0.019383
0.017380
0.030259
0.019510
0.001000
0.001000
0.017248
0.026811
0.029425
0.029180
0.017198
0.001000
0.001000
0.001000
0.001000
0.001000
0.001000
0.029099
0.001000
0.001000
0.001000
0.027571
0.027849
0.019720
0.027754
0.019139
0.021095
0.018287
0.018681
0.018770
0.020991
0.019041
0.018308
0.018021
0.018470
0.033034
0.026053
0.019366
0.016695
0.019884
0.027362
0.031043
0.001000
0.001000
0.001000
0.001000
0.001000
0.001000
0.001000
0.001000
0.001000
0.001000
0.001000
0.030788
0.018436
0.018313
0.030536
0.019284
0.015792
0.027654
0.017794
0.018269
0.026825
0.001000
0.031802
0.027027
0.001000
0.001000
0.026526
0.028086
0.001000
0.029121
0.020284
0.001000
0.001000
0.018803
0.001000
0.001000
0.001000
0.001000
0.029661
0.001000
0.001000
0.030250
0.001000
0.001000
0.001000
0.018087
0.028675
0.016204
0.019989
0.001000
0.001000
0.024648
0.016459
0.018604
0.032063
0.026362
0.029737
0.027597
0.026228
0.026090
0.029640
0.018521
0.018608
0.017908
0.017560
0.001000
0.001000
0.001000
0.001000
0.001000
0.001000
0.001000
0.001000
0.001000
0.018104
0.019361
0.026134
0.018247
0.016354
0.017166
0.001000
0.025911
0.020852
0.018890
0.031733
0.017463
0.018816
0.016461
0.026059
0.030856
0.026052
0.001000
0.001000
0.001000
0.001000
0.001000
0.031164
0.001000
0.029210
0.001000
0.019544
0.001000
0.001000
0.001000
0.020123
0.028508
0.017552
0.024430
0.001000
