0.335439
0.667882
0.001000
0.001000
0.667334
0.001000
0.001000
0.664628
0.664518
0.001000
0.663925
0.339701
0.337057
0.001000
0.338879
0.336735
0.335720
0.664968
0.664384
0.665936
0.337048
0.337232
0.001000
0.001000
0.001000
0.336818
0.337098
0.338665
0.663327
0.336789
0.662781
0.001000
0.336696
0.337701
0.667765
0.669016
0.665910
0.663414
0.666450
0.667274
0.335116
0.668715
0.665529
0.001000
0.001000
0.669304
0.001000
0.662982
0.335042
0.001000
0.001000
0.337529
0.001000
0.001000
0.001000
0.001000
0.665458
0.001000
0.337022
0.664498
0.001000
0.001000
0.001000
0.001000
0.001000
0.001000
0.663143
0.667181
0.664332
0.001000
0.335055
0.662976
0.336189
0.337541
0.001000
0.001000
0.337104
0.338496
0.335581
0.665456
0.001000
0.668641
0.664415
0.337111
0.664447
0.663893
0.001000
0.338953
0.338672
0.001000
0.001000
0.337579
0.337010
0.665154
0.001000
0.001000
0.336216
0.338345
0.665017
0.667669
0.001000
0.001000
0.001000
0.001000
0.337358
0.663693
0.001000
0.001000
0.001000
0.666790
0.335204
0.001000
0.001000
0.001000
0.664303
0.001000
0.001000
0.001000
0.663840
0.001000
0.661925
0.001000
0.001000
0.666034
0.663670
0.667450
0.337071
0.001000
0.001000
0.668243
0.339668
0.001000
0.001000
0.001000
0.663297
0.335682
0.336606
0.001000
0.001000
0.001000
0.001000
0.001000
0.001000
0.663760
0.001000
0.336384
0.666644
0.001000
0.335952
0.338195
0.336765
0.666518
0.001000
0.001000
0.001000
0.001000
0.001000
0.336395
0.001000
0.001000
0.001000
0.001000
0.001000
0.668397
0.339052
0.664696
0.001000
0.001000
0.001000
0.001000
0.666599
0.001000
0.661746
0.337974
0.337689
0.001000
0.001000
0.666430
0.663751
0.336869
0.663208
0.667859
0.335675
0.335087
0.663796
0.666409
0.001000
0.001000
0.338536
0.668626
0.337035
0.001000
0.665880
0.001000
0.001000
0.001000
0.337042
0.336358
0.339795
0.337600
0.665498
0.001000
0.665712
0.334277
0.336135
0.336552
0.334850
0.336456
0.662972
0.001000
0.001000
0.665784
0.001000
0.001000
0.664140
0.666903
0.001000
0.667385
0.337186
0.001000
0.336301
0.667055
0.663675
0.338765
0.666287
0.664224
0.663904
0.668587
0.001000
0.667574
0.001000
0.001000
0.338095
0.664077
0.338954
0.337806
0.001000
0.663272
0.001000
0.336459
0.335989
0.668900
0.665794
0.666253
0.001000
0.668153
0.667634
0.666182
0.001000
0.001000
0.667282
0.669283
0.666187
0.336458
0.336256
0.665290
0.001000
0.001000
0.001000
0.001000
0.001000
0.001000
0.001000
0.336369
0.335312
0.336539
0.337664
0.339108
0.001000
0.001000
0.001000
0.663974
0.001000
0.335560
0.336005
0.337473
0.337168
0.336111
0.668129
0.666921
0.664370
0.663665
0.339099
0.664641
0.336996
0.666308
0.667929
0.334947
0.663452
0.337324
0.336687
0.664890
0.339720
0.666574
0.001000
0.335016
0.001000
0.001000
0.666833
0.663433
0.001000
0.001000
0.664472
0.335750
0.001000
0.663394
0.336447
0.337413
0.664019
0.001000
0.001000
0.668234
0.001000
0.666062
0.668916
0.337041
0.001000
0.001000
0.336136
0.668452
0.001000
0.336678
0.338418
0.666506
0.339293
0.668805
0.666647
0.001000
0.001000
0.666355
0.001000
0.338475
0.001000
0.337175
0.001000
0.336622
0.662142
0.336453
0.665318
0.001000
0.336176
0.662118
0.001000
0.666497
0.336174
0.336559
0.663993
0.337253
0.663617
0.663321
0.667761
0.001000
0.337081
0.337328
0.336389
0.001000
0.666819
0.336131
0.662638
0.664065
0.663590
0.667210
0.001000
0.001000
0.001000
0.664797
0.338163
0.339375
0.001000
