0.345285
0.345156
0.177937
0.177869
0.176963
0.001000
0.178700
0.175792
0.001000
0.001000
0.347221
0.001000
0.175297
0.342850
0.344015
0.346201
0.177716
0.176529
0.346123
0.001000
0.345585
0.001000
0.001000
0.178740
0.177024
0.178766
0.344063
0.176472
0.177648
0.176120
0.178478
0.347629
0.346908
0.001000
0.001000
0.348578
0.344408
0.176262
0.001000
0.001000
0.177086
0.176724
0.349043
0.178179
0.176492
0.178193
0.175283
0.177094
0.344431
0.344977
0.344276
0.176058
0.342246
0.347862
0.345413
0.346089
0.344616
0.342089
0.001000
0.342587
0.001000
0.175222
0.176437
0.345942
0.343958
0.001000
0.178046
0.001000
0.348351
0.177603
0.177297
0.179324
0.001000
0.174893
0.001000
0.001000
0.178308
0.346174
0.345307
0.347061
0.347069
0.175145
0.343340
0.347189
0.345242
0.001000
0.176111
0.344248
0.346679
0.347264
0.001000
0.344796
0.348999
0.176130
0.344338
0.343374
0.001000
0.349084
0.343904
0.346526
0.344734
0.345245
0.346364
0.341928
0.175073
0.175241
0.001000
0.001000
0.348280
0.176374
0.345789
0.001000
0.001000
0.345651
0.343209
0.345718
0.001000
0.001000
0.345054
0.177034
0.177532
0.344193
0.001000
0.176131
0.346209
0.346377
0.343432
0.178225
0.175500
0.342649
0.344700
0.349034
0.347700
0.179555
0.178108
0.001000
0.343283
0.176484
0.177584
0.348890
0.001000
0.175788
0.001000
0.177543
0.001000
0.347121
0.001000
0.001000
0.001000
0.342205
0.178562
0.001000
0.001000
0.001000
0.175908
0.001000
0.344577
0.001000
0.001000
0.001000
0.001000
0.001000
0.343352
0.175941
0.175963
0.001000
0.346105
0.001000
0.346741
0.175565
0.345394
0.342231
0.001000
0.001000
0.345202
0.347015
0.177526
0.178752
0.001000
0.001000
0.176346
0.346844
0.347633
0.347740
0.176925
0.344010
0.001000
0.001000
0.348143
0.344786
0.001000
0.001000
0.175595
0.344422
0.001000
0.001000
0.001000
0.177866
0.001000
0.343850
0.346843
0.001000
0.346376
0.342991
0.345734
0.174959
0.175781
0.001000
0.345439
0.344549
0.001000
0.001000
0.174391
0.346362
0.346270
0.344016
0.177430
0.344041
0.001000
0.343124
0.344814
0.346962
0.001000
0.001000
0.001000
0.001000
0.001000
0.177945
0.342989
0.345822
0.175840
0.001000
0.001000
0.174327
0.346973
0.343308
0.343088
0.178826
0.347468
0.001000
0.348555
0.344675
0.001000
0.001000
0.178735
0.001000
0.344366
0.346231
0.342852
0.178625
0.344137
0.177236
0.001000
0.001000
0.001000
0.344955
0.001000
0.347886
0.174534
0.178834
0.001000
0.177425
0.001000
0.001000
0.177935
0.347260
0.349701
0.001000
0.001000
0.177364
0.177681
0.344777
0.344660
0.001000
0.001000
0.001000
0.175608
0.001000
0.343280
0.001000
0.347786
0.174813
0.346210
0.347393
0.176310
0.001000
0.347725
0.347688
0.345985
0.001000
0.174430
0.345158
0.001000
0.346246
0.175982
0.001000
0.001000
0.176540
0.178452
0.343263
0.348577
0.176946
0.348184
0.348531
0.174607
0.174667
0.001000
0.343026
0.001000
0.001000
0.344540
0.178710
0.342879
0.001000
0.342731
0.346121
0.175969
0.001000
0.349073
0.347582
0.343423
0.001000
0.347316
0.349033
0.343772
0.001000
0.001000
0.179064
0.343914
0.346320
0.178069
0.001000
0.344190
0.001000
0.343541
0.347774
0.177093
0.177099
0.176812
0.001000
0.347975
0.347860
0.345180
0.347870
0.342538
0.177603
0.001000
0.178522
0.001000
0.343978
0.175640
0.347663
0.001000
0.001000
0.344557
0.176411
0.175222
0.001000
0.345769
0.178105
0.001000
0.344750
0.344532
0.175850
0.001000
0.345998
0.178392
0.347916
0.346725
0.001000
0.179431
0.175440
0.342385
0.001000
0.346925
0.342389
0.176642
0.343794
0.175286
0.175145
0.343239
0.001000
0.345067
0.001000
0.178816
0.177004
0.001000
0.345177
0.343869
0.001000
0.344846
0.344982
0.001000
0.345037
0.342722
0.347243
0.176096
0.178331
0.001000
0.174395
0.177385
0.178781
0.001000
0.343880
0.347247
0.177078
0.001000
0.001000
0.177703
0.179027
0.177084
0.178718
0.001000
0.174974
0.177671
0.001000
0.344317
0.001000
0.346983
0.179464
0.341835
0.001000
0.001000
0.343000
0.348210
0.343316
0.177305
0.347948
0.348660
0.347626
0.347600
0.343251
0.001000
0.177657
0.349429
0.177510
0.343109
0.343791
0.345578
0.177307
0.342075
