3.223992
3.226559
3.224157
3.227302
3.222527
3.224114
3.222962
3.225421
3.227187
3.225441
3.228797
3.227618
3.226725
3.227866
3.223040
3.223256
3.224561
3.226907
3.225694
3.222040
3.223155
3.224284
3.226471
3.225624
3.227309
3.221253
3.223507
3.224805
3.227107
3.225022
3.227076
3.227121
3.228559
0.001000
3.226630
0.001000
0.001000
3.224154
0.001000
3.227338
3.227182
3.223450
3.229517
3.226103
3.227641
3.228374
3.225233
3.223690
3.227868
3.225635
3.223262
3.228789
3.224590
3.226503
3.223818
3.222397
0.001000
3.226737
3.224503
3.225721
0.001000
0.001000
0.001000
0.001000
3.226569
3.225285
0.001000
3.229524
3.224874
3.226739
3.228350
3.223734
3.221855
3.225094
3.225079
3.225905
3.223324
3.227505
3.229212
3.224485
3.224325
3.227167
3.222630
0.001000
3.226204
3.223596
3.228557
3.226271
3.228100
3.223312
3.223975
3.224442
3.223616
3.224915
0.001000
0.001000
0.001000
3.227789
3.228788
3.225739
0.001000
3.228559
3.223756
0.001000
3.228160
0.001000
0.001000
0.001000
3.225159
3.225450
3.225584
0.001000
3.227235
3.221709
3.228654
3.227375
0.001000
0.001000
3.225402
0.001000
0.001000
0.001000
0.001000
0.001000
0.001000
0.001000
3.221827
3.223511
3.226244
3.225569
0.001000
3.223423
3.224023
3.223016
3.225455
3.227928
0.001000
0.001000
3.221825
3.223546
3.228675
3.225081
0.001000
0.001000
3.221660
3.226592
3.224390
0.001000
0.001000
3.228809
3.223528
3.226843
0.001000
3.226148
3.223636
0.001000
0.001000
0.001000
0.001000
0.001000
0.001000
3.224768
0.001000
3.227461
3.224914
3.223372
3.224664
3.224200
3.223088
3.222585
3.227473
3.223714
3.228546
3.221754
3.224430
3.223160
3.225234
3.224209
3.228787
3.225836
0.001000
0.001000
3.225177
3.226322
3.226083
3.222322
0.001000
3.222534
3.225126
0.001000
3.228682
0.001000
0.001000
3.228074
0.001000
0.001000
0.001000
3.225891
3.224485
3.224717
3.227689
3.226709
3.226758
0.001000
0.001000
0.001000
3.227810
3.227559
3.221972
0.001000
3.225377
0.001000
0.001000
0.001000
3.228057
3.225776
3.223858
0.001000
3.224654
0.001000
3.228943
0.001000
3.223156
3.225733
0.001000
0.001000
3.228109
3.227787
0.001000
0.001000
3.228095
3.227364
3.222361
3.228293
3.227057
3.225687
3.225981
0.001000
3.221725
0.001000
3.228011
3.229150
3.224944
3.223327
0.001000
0.001000
0.001000
3.227555
0.001000
0.001000
3.228493
3.226738
0.001000
3.226176
0.001000
0.001000
0.001000
3.228706
0.001000
0.001000
0.001000
3.222385
0.001000
3.221746
0.001000
0.001000
0.001000
3.225228
3.223833
0.001000
3.224959
0.001000
3.226892
3.226623
3.222816
0.001000
0.001000
0.001000
0.001000
0.001000
0.001000
3.224954
3.226685
0.001000
3.221792
0.001000
3.221469
3.221831
0.001000
3.225179
0.001000
0.001000
0.001000
3.222809
0.001000
3.224319
3.225084
0.001000
3.221818
3.223280
0.001000
3.227528
0.001000
3.227242
0.001000
3.225043
3.222794
0.001000
0.001000
0.001000
0.001000
3.226612
0.001000
3.229903
3.226358
0.001000
3.224339
3.225180
3.228282
3.229300
3.228873
3.226921
0.001000
3.226385
0.001000
0.001000
0.001000
3.223390
0.001000
3.227382
3.226602
3.223418
0.001000
3.225993
3.228663
3.223245
3.226907
0.001000
3.224250
3.226769
0.001000
0.001000
0.001000
0.001000
0.001000
0.001000
0.001000
0.001000
0.001000
0.001000
0.001000
0.001000
0.001000
0.001000
0.001000
0.001000
0.001000
3.226860
3.227363
3.228955
3.227461
3.227100
3.225401
3.228693
3.223926
3.225025
3.224803
3.228110
3.228168
3.227019
3.229689
3.223211
0.001000
0.001000
0.001000
0.001000
0.001000
0.001000
3.228007
0.001000
0.001000
0.001000
0.001000
3.222719
3.228020
0.001000
3.225976
0.001000
3.223909
3.226874
3.226311
3.225048
3.228903
3.226574
3.222064
0.001000
0.001000
3.222740
3.223643
3.224093
3.223873
0.001000
0.001000
0.001000
0.001000
0.001000
0.001000
0.001000
3.221793
0.001000
3.225403
0.001000
0.001000
0.001000
0.001000
0.001000
0.001000
0.001000
0.001000
0.001000
0.001000
3.223102
0.001000
3.229306
0.001000
0.001000
3.227378
0.001000
0.001000
0.001000
0.001000
3.227222
0.001000
3.226732
0.001000
0.001000
0.001000
3.226035
3.222887
3.225899
3.223128
0.001000
3.223090
3.225330
3.224453
0.001000
3.226334
3.224362
0.001000
3.223240
3.227085
3.223825
3.222693
0.001000
0.001000
3.227195
3.227094
3.224668
3.228326
0.001000
0.001000
3.228406
3.227129
3.225355
3.222977
0.001000
0.001000
3.225857
3.227042
0.001000
3.227388
0.001000
0.001000
3.226950
0.001000
0.001000
3.226462
3.226124
3.227946
3.224724
0.001000
0.001000
3.226526
3.225386
0.001000
3.221348
3.225296
0.001000
3.225828
0.001000
3.223489
3.222846
3.229821
0.001000
0.001000
3.229326
0.001000
3.227295
3.224438
3.227695
3.225646
3.223529
3.227721
0.001000
3.224333
3.227727
3.222547
3.226515
3.221965
3.226683
3.224925
3.228764
3.226064
3.223990
0.001000
0.001000
0.001000
3.226641
3.225483
3.226944
3.226473
3.226350
3.225454
0.001000
0.001000
3.226366
3.223424
3.223148
0.001000
0.001000
3.227316
3.223175
0.001000
3.222927
3.223794
0.001000
3.228183
0.001000
3.227392
0.001000
0.001000
0.001000
3.225563
0.001000
3.224642
3.223362
3.228722
3.222873
3.225215
0.001000
0.001000
0.001000
3.226119
3.227855
0.001000
0.001000
3.221449
0.001000
0.001000
3.228269
3.224134
3.225310
0.001000
0.001000
3.227740
3.227039
0.001000
0.001000
3.224031
3.224053
3.225621
3.225470
3.225412
3.225592
3.229556
3.227399
3.227372
3.228916
3.225721
0.001000
0.001000
0.001000
0.001000
3.225174
0.001000
3.222534
0.001000
0.001000
3.226032
3.223182
0.001000
0.001000
0.001000
0.001000
0.001000
3.227975
0.001000
3.223763
0.001000
3.226036
0.001000
3.226310
0.001000
3.223549
3.223119
3.225964
3.224604
3.226174
0.001000
3.229277
3.221785
3.226360
0.001000
3.227553
3.223314
0.001000
0.001000
0.001000
3.224272
0.001000
3.223387
0.001000
3.228193
3.226328
3.227086
0.001000
3.225581
3.223949
0.001000
3.224327
3.226550
0.001000
3.224737
0.001000
3.226288
3.223385
3.227690
3.225442
3.226778
3.225812
3.224360
3.227214
0.001000
0.001000
3.225147
3.227438
3.226385
3.228695
3.224274
3.228837
0.001000
3.228381
0.001000
3.226122
3.227551
3.225609
0.001000
3.224443
0.001000
3.226788
3.227505
3.223399
3.228083
3.224715
3.225323
3.227000
0.001000
0.001000
0.001000
0.001000
0.001000
3.223575
0.001000
3.223059
3.227780
0.001000
3.228121
3.227312
0.001000
3.223319
3.225258
3.226606
0.001000
3.224018
3.224287
0.001000
3.224126
0.001000
3.223914
3.223023
3.225329
3.224439
3.227729
3.223101
3.222075
0.001000
3.224997
3.226601
0.001000
3.225071
3.227063
0.001000
0.001000
0.001000
0.001000
3.225797
3.226445
3.225647
3.223405
3.227274
3.226676
3.225446
3.224121
3.224895
0.001000
0.001000
3.225298
0.001000
3.221375
0.001000
0.001000
3.223208
3.223447
3.223069
3.226083
0.001000
0.001000
0.001000
0.001000
0.001000
3.223209
3.222068
3.224702
3.223191
3.228396
3.221751
3.221686
3.228859
3.227929
3.227232
3.228086
0.001000
0.001000
3.225995
3.226066
0.001000
0.001000
3.228132
3.223906
0.001000
3.227357
0.001000
3.227009
3.225400
3.226522
3.226891
0.001000
3.222642
3.227289
3.226352
0.001000
0.001000
0.001000
3.227494
3.225347
0.001000
0.001000
0.001000
0.001000
0.001000
3.228185
3.224225
3.225314
3.227357
3.229137
3.223188
3.223370
0.001000
3.225009
3.223843
0.001000
3.229366
0.001000
0.001000
3.225668
3.222926
3.225953
3.227200
3.229334
0.001000
3.222349
3.226190
3.223702
0.001000
0.001000
0.001000
0.001000
0.001000
0.001000
0.001000
3.225530
0.001000
0.001000
0.001000
3.222855
3.226840
3.226333
3.223856
0.001000
3.227910
0.001000
3.224189
0.001000
3.223504
3.227399
3.228187
0.001000
3.224477
0.001000
3.225974
3.228573
3.225807
0.001000
0.001000
3.228463
3.227822
3.225485
0.001000
0.001000
0.001000
3.227098
0.001000
3.226363
0.001000
3.226984
0.001000
0.001000
0.001000
0.001000
0.001000
0.001000
0.001000
3.226585
3.225752
3.224960
3.228850
0.001000
3.226349
3.226391
3.225120
0.001000
3.224083
0.001000
0.001000
3.224629
0.001000
0.001000
3.225243
3.229040
0.001000
3.226109
3.223175
3.226899
3.224834
3.226446
3.223503
3.222759
0.001000
0.001000
0.001000
0.001000
0.001000
0.001000
0.001000
3.225006
0.001000
0.001000
0.001000
0.001000
0.001000
3.223656
0.001000
0.001000
0.001000
0.001000
0.001000
3.229325
0.001000
3.223260
0.001000
3.221859
0.001000
0.001000
3.226766
0.001000
3.223798
3.228932
3.224993
0.001000
0.001000
0.001000
3.223170
3.225270
0.001000
3.225936
3.225057
0.001000
0.001000
0.001000
3.223423
3.225610
0.001000
3.226636
0.001000
0.001000
0.001000
3.225760
3.228204
3.227456
3.227655
3.226845
3.229572
0.001000
0.001000
0.001000
0.001000
0.001000
3.223169
3.228381
3.224588
0.001000
0.001000
0.001000
3.225265
3.227739
3.224437
3.226670
3.227684
0.001000
0.001000
3.223405
0.001000
3.225746
3.224533
0.001000
3.228133
3.227321
3.228033
3.224900
3.223961
3.224937
3.223296
3.223331
0.001000
0.001000
0.001000
0.001000
0.001000
0.001000
3.223185
0.001000
0.001000
0.001000
3.223160
0.001000
0.001000
3.223191
3.223115
0.001000
0.001000
0.001000
0.001000
0.001000
0.001000
3.223687
0.001000
0.001000
0.001000
3.224128
3.227959
3.223574
3.228359
3.225424
3.229004
3.227902
3.222989
3.222842
3.221825
3.225946
3.227549
3.229129
3.223055
0.001000
0.001000
3.227487
3.224049
3.227968
3.222499
3.224962
0.001000
0.001000
3.225042
3.226665
0.001000
3.225327
0.001000
0.001000
0.001000
0.001000
3.223881
0.001000
3.226690
3.225714
3.226806
3.225591
3.226080
3.224793
0.001000
0.001000
0.001000
3.223532
0.001000
0.001000
3.228517
0.001000
3.224255
3.226950
0.001000
3.222682
3.224791
3.225937
3.224734
3.223546
3.225154
3.222975
3.225751
3.226265
3.226998
0.001000
3.221632
0.001000
0.001000
0.001000
3.227413
0.001000
0.001000
0.001000
0.001000
0.001000
3.225850
3.229600
0.001000
0.001000
0.001000
3.224682
3.225248
0.001000
0.001000
0.001000
3.226477
3.222802
3.224437
